0.0000 1.0000 0000 8.00000 0.0005812
0.0000 1.0000 0000 16.00001 0.0018432
0.0000 1.0000 0000 24.00001 0.004195
0.0000 1.0000 0000 32.00002 0.008195
0.0000 1.0000 0000 40.00002 0.0231292
0.0000 1.0000 0000 48.00003 0.0160993
0.0000 1.0000 0000 56.00003 0.0235942
0.0000 1.0000 0000 64.00004 0.0430257
0.0000 1.0000 0000 72.00004 0.0261659
0.0000 1.0000 0000 80.00005 0.0257554
0.0000 1.0000 0000 88.00005 0.0345761
0.0000 1.0000 0000 96.00006 0.0438101
0.0000 1.0000 0000 104.00006 0.0681792
0.0000 1.0000 0000 112.00007 0.117258
0.0000 1.0000 0000 120.00007 0.137681
0.0000 1.0000 0000 128.00008 0.0931383
0.0000 1.0000 0000 136.00008 0.0841138
0.0000 1.0000 0000 144.00009 0.119102
0.0000 1.0000 0000 152.00009 0.150512
0.0000 1.0000 0000 160.00010 0.127503
0.0000 1.0000 0000 168.00010 0.0842328
0.0000 1.0000 0000 176.00011 0.0630562
0.0000 1.0000 0000 184.00011 0.0578022
0.0000 1.0000 0000 192.00012 0.0607227
0.0000 1.0000 0000 200.00012 0.0662267
0.0000 1.0000 0000 208.00013 0.068019
0.0000 1.0000 0000 216.00013 0.0747096
0.0000 1.0000 0000 224.00014 0.0891445
0.0000 1.0000 0000 232.00014 0.115058
0.0000 1.0000 0000 240.00015 0.142845
0.0000 1.0000 0000 248.00015 0.175639
0.0000 1.0000 0000 256.00016 0.286764
0.0000 1.0000 0000 264.00016 0.388151
0.0000 1.0000 0000 272.00017 0.423265
0.0000 1.0000 0000 280.00017 0.395937
0.0000 1.0000 0000 288.00017 0.240056
0.0000 1.0000 0000 296.00018 0.181645
0.0000 1.0000 0000 304.00018 0.180448
0.0000 1.0000 0000 312.00019 0.196498
0.0000 1.0000 0000 320.00019 0.22386
0.0000 1.0000 0000 328.00020 0.242609
0.0000 1.0000 0000 336.00020 0.319385
0.0000 1.0000 0000 344.00021 0.300716
0.0000 1.0000 0000 352.00021 0.198608
0.0000 1.0000 0000 360.00022 0.161788
0.0000 1.0000 0000 368.00022 0.167236
0.0000 1.0000 0000 376.00023 0.174682
0.0000 1.0000 0000 384.00023 0.213872
0.0000 1.0000 0000 392.00024 0.265235
0.0000 1.0000 0000 400.00024 0.32209
0.0000 1.0000 0000 408.00025 0.460903
0.0000 1.0000 0000 416.00025 0.792766
0.0000 1.0000 0000 424.00026 0.987075
0.0000 1.0000 0000 432.00026 0.666608
0.0000 1.0000 0000 440.00027 0.578711
0.0000 1.0000 0000 448.00027 0.750347
0.0000 1.0000 0000 456.00028 0.716928
0.0000 1.0000 0000 464.00028 0.504885
0.0000 1.0000 0000 472.00029 0.322917
0.0000 1.0000 0000 480.00029 0.257447
0.0000 1.0000 0000 488.00030 0.243825
0.0000 1.0000 0000 496.00030 0.262515
0.0000 1.0000 0000 504.00031 0.326847
0.0000 1.0000 0000 512.00031 0.379661
0.0000 1.0000 0000 520.00032 0.493042
0.0000 1.0000 0000 528.00032 0.617697
0.0000 1.0000 0000 536.00033 0.694632
0.0000 1.0000 0000 544.00033 0.643475
0.0000 1.0000 0000 552.00034 0.728257
0.0000 1.0000 0000 560.00034 0.866219
0.0000 1.0000 0000 568.00035 1.11498
0.0000 1.0000 0000 576.00035 1.74995
0.0000 1.0000 0000 584.00035 2.44796
0.0000 1.0000 0000 592.00036 2.16313
0.0000 1.0000 0000 600.00036 1.77585
0.0000 1.0000 0000 608.00037 1.29714
0.0000 1.0000 0000 616.00037 1.06148
0.0000 1.0000 0000 624.00038 1.11861
0.0000 1.0000 0000 632.00038 1.51006
0.0000 1.0000 0000 640.00039 2.05011
0.0000 1.0000 0000 648.00039 2.32758
0.0000 1.0000 0000 656.00040 2.58727
0.0000 1.0000 0000 664.00040 2.3942
0.0000 1.0000 0000 672.00041 2.15821
0.0000 1.0000 0000 680.00041 1.95174
0.0000 1.0000 0000 688.00042 1.72629
0.0000 1.0000 0000 696.00042 1.62992
0.0000 1.0000 0000 704.00043 1.96941
0.0000 1.0000 0000 712.00043 2.64512
0.0000 1.0000 0000 720.00044 2.83823
0.0000 1.0000 0000 728.00044 2.08929
0.0000 1.0000 0000 736.00045 1.60037
0.0000 1.0000 0000 744.00045 1.46798
0.0000 1.0000 0000 752.00046 1.7842
0.0000 1.0000 0000 760.00046 2.4949
0.0000 1.0000 0000 768.00047 2.19799
0.0000 1.0000 0000 776.00047 1.641
0.0000 1.0000 0000 784.00048 1.70787
0.0000 1.0000 0000 792.00048 1.97384
0.0000 1.0000 0000 800.00049 1.79611

0.0250 0.9750 0.0000 8.00000 0.0047011
0.0250 0.9750 0.0000 16.00001 0.0124585
0.0250 0.9750 0.0000 24.00001 0.0179709
0.0250 0.9750 0.0000 32.00002 0.0199516
0.0250 0.9750 0.0000 40.00002 0.0277749
0.0250 0.9750 0.0000 48.00003 0.0316866
0.0250 0.9750 0.0000 56.00003 0.0451938
0.0250 0.9750 0.0000 64.00004 0.059718
0.0250 0.9750 0.0000 72.00004 0.0579607
0.0250 0.9750 0.0000 80.00005 0.0504075
0.0250 0.9750 0.0000 88.00005 0.053827
0.0250 0.9750 0.0000 96.00006 0.057749
0.0250 0.9750 0.0000 104.00006 0.0670925
0.0250 0.9750 0.0000 112.00007 0.0765784
0.0250 0.9750 0.0000 120.00007 0.0840988
0.0250 0.9750 0.0000 128.00008 0.0935989
0.0250 0.9750 0.0000 136.00008 0.0953627
0.0250 0.9750 0.0000 144.00009 0.0900862
0.0250 0.9750 0.0000 152.00009 0.101205
0.0250 0.9750 0.0000 160.00010 0.132542
0.0250 0.9750 0.0000 168.00010 0.145202
0.0250 0.9750 0.0000 176.00011 0.143196
0.0250 0.9750 0.0000 184.00011 0.143273
0.0250 0.9750 0.0000 192.00012 0.142017
0.0250 0.9750 0.0000 200.00012 0.149075
0.0250 0.9750 0.0000 208.00013 0.171863
0.0250 0.9750 0.0000 216.00013 0.180679
0.0250 0.9750 0.0000 224.00014 0.162034
0.0250 0.9750 0.0000 232.00014 0.144058
0.0250 0.9750 0.0000 240.00015 0.136356
0.0250 0.9750 0.0000 248.00015 0.150514
0.0250 0.9750 0.0000 256.00016 0.205598
0.0250 0.9750 0.0000 264.00016 0.237994
0.0250 0.9750 0.0000 272.00017 0.229467
0.0250 0.9750 0.0000 280.00017 0.232835
0.0250 0.9750 0.0000 288.00017 0.232175
0.0250 0.9750 0.0000 296.00018 0.22122
0.0250 0.9750 0.0000 304.00018 0.21341
0.0250 0.9750 0.0000 312.00019 0.242249
0.0250 0.9750 0.0000 320.00019 0.293185
0.0250 0.9750 0.0000 328.00020 0.317778
0.0250 0.9750 0.0000 336.00020 0.354497
0.0250 0.9750 0.0000 344.00021 0.3396
0.0250 0.9750 0.0000 352.00021 0.324596
0.0250 0.9750 0.0000 360.00022 0.356601
0.0250 0.9750 0.0000 368.00022 0.428671
0.0250 0.9750 0.0000 376.00023 0.423382
0.0250 0.9750 0.0000 384.00023 0.408293
0.0250 0.9750 0.0000 392.00024 0.373709
0.0250 0.9750 0.0000 400.00024 0.380198
0.0250 0.9750 0.0000 408.00025 0.447515
0.0250 0.9750 0.0000 416.00025 0.563313
0.0250 0.9750 0.0000 424.00026 0.622484
0.0250 0.9750 0.0000 432.00026 0.609945
0.0250 0.9750 0.0000 440.00027 0.637327
0.0250 0.9750 0.0000 448.00027 0.642475
0.0250 0.9750 0.0000 456.00028 0.624542
0.0250 0.9750 0.0000 464.00028 0.644701
0.0250 0.9750 0.0000 472.00029 0.717379
0.0250 0.9750 0.0000 480.00029 0.759999
0.0250 0.9750 0.0000 488.00030 0.689038
0.0250 0.9750 0.0000 496.00030 0.638956
0.0250 0.9750 0.0000 504.00031 0.667083
0.0250 0.9750 0.0000 512.00031 0.714231
0.0250 0.9750 0.0000 520.00032 0.781115
0.0250 0.9750 0.0000 528.00032 0.894014
0.0250 0.9750 0.0000 536.00033 0.970627
0.0250 0.9750 0.0000 544.00033 0.909025
0.0250 0.9750 0.0000 552.00034 0.866403
0.0250 0.9750 0.0000 560.00034 0.891507
0.0250 0.9750 0.0000 568.00035 0.9717
0.0250 0.9750 0.0000 576.00035 1.18098
0.0250 0.9750 0.0000 584.00035 1.30492
0.0250 0.9750 0.0000 592.00036 1.3111
0.0250 0.9750 0.0000 600.00036 1.37628
0.0250 0.9750 0.0000 608.00037 1.40354
0.0250 0.9750 0.0000 616.00037 1.35569
0.0250 0.9750 0.0000 624.00038 1.42767
0.0250 0.9750 0.0000 632.00038 1.61736
0.0250 0.9750 0.0000 640.00039 2.07522
0.0250 0.9750 0.0000 648.00039 2.43297
0.0250 0.9750 0.0000 656.00040 2.47066
0.0250 0.9750 0.0000 664.00040 2.45542
0.0250 0.9750 0.0000 672.00041 2.34873
0.0250 0.9750 0.0000 680.00041 2.12535
0.0250 0.9750 0.0000 688.00042 2.07382
0.0250 0.9750 0.0000 696.00042 2.18587
0.0250 0.9750 0.0000 704.00043 2.14535
0.0250 0.9750 0.0000 712.00043 1.91886
0.0250 0.9750 0.0000 720.00044 1.83688
0.0250 0.9750 0.0000 728.00044 1.91654
0.0250 0.9750 0.0000 736.00045 2.20507
0.0250 0.9750 0.0000 744.00045 2.50233
0.0250 0.9750 0.0000 752.00046 2.86263
0.0250 0.9750 0.0000 760.00046 3.04363
0.0250 0.9750 0.0000 768.00047 3.16659
0.0250 0.9750 0.0000 776.00047 3.19078
0.0250 0.9750 0.0000 784.00048 2.90746
0.0250 0.9750 0.0000 792.00048 2.53342
0.0250 0.9750 0.0000 800.00049 2.286

0.0500 0.9500 0.0000 8.00000 0.0097384
0.0500 0.9500 0.0000 16.00001 0.0097019
0.0500 0.9500 0.0000 24.00001 0.0126612
0.0500 0.9500 0.0000 32.00002 0.0157271
0.0500 0.9500 0.0000 40.00002 0.0338803
0.0500 0.9500 0.0000 48.00003 0.0499265
0.0500 0.9500 0.0000 56.00003 0.0593011
0.0500 0.9500 0.0000 64.00004 0.0638072
0.0500 0.9500 0.0000 72.00004 0.0656005
0.0500 0.9500 0.0000 80.00005 0.063637
0.0500 0.9500 0.0000 88.00005 0.0681582
0.0500 0.9500 0.0000 96.00006 0.0803276
0.0500 0.9500 0.0000 104.00006 0.0947205
0.0500 0.9500 0.0000 112.00007 0.116196
0.0500 0.9500 0.0000 120.00007 0.137061
0.0500 0.9500 0.0000 128.00008 0.129463
0.0500 0.9500 0.0000 136.00008 0.129677
0.0500 0.9500 0.0000 144.00009 0.138852
0.0500 0.9500 0.0000 152.00009 0.134975
0.0500 0.9500 0.0000 160.00010 0.123986
0.0500 0.9500 0.0000 168.00010 0.141469
0.0500 0.9500 0.0000 176.00011 0.173296
0.0500 0.9500 0.0000 184.00011 0.187777
0.0500 0.9500 0.0000 192.00012 0.203997
0.0500 0.9500 0.0000 200.00012 0.246894
0.0500 0.9500 0.0000 208.00013 0.302042
0.0500 0.9500 0.0000 216.00013 0.298132
0.0500 0.9500 0.0000 224.00014 0.26606
0.0500 0.9500 0.0000 232.00014 0.244386
0.0500 0.9500 0.0000 240.00015 0.254581
0.0500 0.9500 0.0000 248.00015 0.293888
0.0500 0.9500 0.0000 256.00016 0.348637
0.0500 0.9500 0.0000 264.00016 0.425341
0.0500 0.9500 0.0000 272.00017 0.461078
0.0500 0.9500 0.0000 280.00017 0.400413
0.0500 0.9500 0.0000 288.00017 0.351403
0.0500 0.9500 0.0000 296.00018 0.297063
0.0500 0.9500 0.0000 304.00018 0.27243
0.0500 0.9500 0.0000 312.00019 0.282797
0.0500 0.9500 0.0000 320.00019 0.309722
0.0500 0.9500 0.0000 328.00020 0.355197
0.0500 0.9500 0.0000 336.00020 0.407803
0.0500 0.9500 0.0000 344.00021 0.464958
0.0500 0.9500 0.0000 352.00021 0.487213
0.0500 0.9500 0.0000 360.00022 0.46877
0.0500 0.9500 0.0000 368.00022 0.427992
0.0500 0.9500 0.0000 376.00023 0.36966
0.0500 0.9500 0.0000 384.00023 0.382992
0.0500 0.9500 0.0000 392.00024 0.435297
0.0500 0.9500 0.0000 400.00024 0.515939
0.0500 0.9500 0.0000 408.00025 0.581976
0.0500 0.9500 0.0000 416.00025 0.688693
0.0500 0.9500 0.0000 424.00026 0.836764
0.0500 0.9500 0.0000 432.00026 0.753339
0.0500 0.9500 0.0000 440.00027 0.677098
0.0500 0.9500 0.0000 448.00027 0.703878
0.0500 0.9500 0.0000 456.00028 0.743482
0.0500 0.9500 0.0000 464.00028 0.787431
0.0500 0.9500 0.0000 472.00029 0.82392
0.0500 0.9500 0.0000 480.00029 0.881271
0.0500 0.9500 0.0000 488.00030 0.910209
0.0500 0.9500 0.0000 496.00030 0.965525
0.0500 0.9500 0.0000 504.00031 1.04713
0.0500 0.9500 0.0000 512.00031 1.07142
0.0500 0.9500 0.0000 520.00032 1.18567
0.0500 0.9500 0.0000 528.00032 1.26045
0.0500 0.9500 0.0000 536.00033 1.33177
0.0500 0.9500 0.0000 544.00033 1.51176
0.0500 0.9500 0.0000 552.00034 1.87654
0.0500 0.9500 0.0000 560.00034 2.21204
0.0500 0.9500 0.0000 568.00035 2.23058
0.0500 0.9500 0.0000 576.00035 2.0413
0.0500 0.9500 0.0000 584.00035 1.9782
0.0500 0.9500 0.0000 592.00036 1.63977
0.0500 0.9500 0.0000 600.00036 1.41947
0.0500 0.9500 0.0000 608.00037 1.39018
0.0500 0.9500 0.0000 616.00037 1.42431
0.0500 0.9500 0.0000 624.00038 1.58564
0.0500 0.9500 0.0000 632.00038 1.80506
0.0500 0.9500 0.0000 640.00039 2.09349
0.0500 0.9500 0.0000 648.00039 2.24032
0.0500 0.9500 0.0000 656.00040 2.32111
0.0500 0.9500 0.0000 664.00040 2.31192
0.0500 0.9500 0.0000 672.00041 2.02317
0.0500 0.9500 0.0000 680.00041 1.7238
0.0500 0.9500 0.0000 688.00042 1.59668
0.0500 0.9500 0.0000 696.00042 1.57352
0.0500 0.9500 0.0000 704.00043 1.67968
0.0500 0.9500 0.0000 712.00043 1.7762
0.0500 0.9500 0.0000 720.00044 1.83987
0.0500 0.9500 0.0000 728.00044 1.98736
0.0500 0.9500 0.0000 736.00045 2.08533
0.0500 0.9500 0.0000 744.00045 2.0919
0.0500 0.9500 0.0000 752.00046 2.00603
0.0500 0.9500 0.0000 760.00046 1.89561
0.0500 0.9500 0.0000 768.00047 1.92096
0.0500 0.9500 0.0000 776.00047 1.74864
0.0500 0.9500 0.0000 784.00048 1.61872
0.0500 0.9500 0.0000 792.00048 1.61832
0.0500 0.9500 0.0000 800.00049 1.79788

0.0750 0.9250 0.0000 8.00000 0.0050221
0.0750 0.9250 0.0000 16.00001 0.0206145
0.0750 0.9250 0.0000 24.00001 0.0564009
0.0750 0.9250 0.0000 32.00002 0.0621716
0.0750 0.9250 0.0000 40.00002 0.0991763
0.0750 0.9250 0.0000 48.00003 0.0728504
0.0750 0.9250 0.0000 56.00003 0.123159
0.0750 0.9250 0.0000 64.00004 0.167164
0.0750 0.9250 0.0000 72.00004 0.123787
0.0750 0.9250 0.0000 80.00005 0.118298
0.0750 0.9250 0.0000 88.00005 0.115366
0.0750 0.9250 0.0000 96.00006 0.134825
0.0750 0.9250 0.0000 104.00006 0.150762
0.0750 0.9250 0.0000 112.00007 0.148994
0.0750 0.9250 0.0000 120.00007 0.167108
0.0750 0.9250 0.0000 128.00008 0.187376
0.0750 0.9250 0.0000 136.00008 0.180351
0.0750 0.9250 0.0000 144.00009 0.178203
0.0750 0.9250 0.0000 152.00009 0.219614
0.0750 0.9250 0.0000 160.00010 0.260811
0.0750 0.9250 0.0000 168.00010 0.249933
0.0750 0.9250 0.0000 176.00011 0.223277
0.0750 0.9250 0.0000 184.00011 0.232929
0.0750 0.9250 0.0000 192.00012 0.271197
0.0750 0.9250 0.0000 200.00012 0.285137
0.0750 0.9250 0.0000 208.00013 0.296865
0.0750 0.9250 0.0000 216.00013 0.306802
0.0750 0.9250 0.0000 224.00014 0.334379
0.0750 0.9250 0.0000 232.00014 0.355356
0.0750 0.9250 0.0000 240.00015 0.367489
0.0750 0.9250 0.0000 248.00015 0.369849
0.0750 0.9250 0.0000 256.00016 0.374393
0.0750 0.9250 0.0000 264.00016 0.431109
0.0750 0.9250 0.0000 272.00017 0.50218
0.0750 0.9250 0.0000 280.00017 0.539313
0.0750 0.9250 0.0000 288.00017 0.510423
0.0750 0.9250 0.0000 296.00018 0.485089
0.0750 0.9250 0.0000 304.00018 0.531823
0.0750 0.9250 0.0000 312.00019 0.645508
0.0750 0.9250 0.0000 320.00019 0.794046
0.0750 0.9250 0.0000 328.00020 0.938753
0.0750 0.9250 0.0000 336.00020 1.02499
0.0750 0.9250 0.0000 344.00021 1.06765
0.0750 0.9250 0.0000 352.00021 1.03939
0.0750 0.9250 0.0000 360.00022 0.952326
0.0750 0.9250 0.0000 368.00022 0.898538
0.0750 0.9250 0.0000 376.00023 0.862755
0.0750 0.9250 0.0000 384.00023 0.897726
0.0750 0.9250 0.0000 392.00024 0.992045
0.0750 0.9250 0.0000 400.00024 1.08987
0.0750 0.9250 0.0000 408.00025 1.20882
0.0750 0.9250 0.0000 416.00025 1.30025
0.0750 0.9250 0.0000 424.00026 1.18849
0.0750 0.9250 0.0000 432.00026 1.0573
0.0750 0.9250 0.0000 440.00027 1.03371
0.0750 0.9250 0.0000 448.00027 1.05183
0.0750 0.9250 0.0000 456.00028 1.1235
0.0750 0.9250 0.0000 464.00028 1.21783
0.0750 0.9250 0.0000 472.00029 1.22082
0.0750 0.9250 0.0000 480.00029 1.21614
0.0750 0.9250 0.0000 488.00030 1.19304
0.0750 0.9250 0.0000 496.00030 1.15646
0.0750 0.9250 0.0000 504.00031 1.13192
0.0750 0.9250 0.0000 512.00031 1.17239
0.0750 0.9250 0.0000 520.00032 1.2648
0.0750 0.9250 0.0000 528.00032 1.22896
0.0750 0.9250 0.0000 536.00033 1.1678
0.0750 0.9250 0.0000 544.00033 1.21897
0.0750 0.9250 0.0000 552.00034 1.20069
0.0750 0.9250 0.0000 560.00034 1.23035
0.0750 0.9250 0.0000 568.00035 1.23441
0.0750 0.9250 0.0000 576.00035 1.30155
0.0750 0.9250 0.0000 584.00035 1.38491
0.0750 0.9250 0.0000 592.00036 1.40884
0.0750 0.9250 0.0000 600.00036 1.46054
0.0750 0.9250 0.0000 608.00037 1.43545
0.0750 0.9250 0.0000 616.00037 1.48258
0.0750 0.9250 0.0000 624.00038 1.6387
0.0750 0.9250 0.0000 632.00038 1.86067
0.0750 0.9250 0.0000 640.00039 2.07056
0.0750 0.9250 0.0000 648.00039 2.37452
0.0750 0.9250 0.0000 656.00040 2.55454
0.0750 0.9250 0.0000 664.00040 2.47148
0.0750 0.9250 0.0000 672.00041 2.26715
0.0750 0.9250 0.0000 680.00041 2.21222
0.0750 0.9250 0.0000 688.00042 2.20171
0.0750 0.9250 0.0000 696.00042 2.26695
0.0750 0.9250 0.0000 704.00043 2.26365
0.0750 0.9250 0.0000 712.00043 2.25629
0.0750 0.9250 0.0000 720.00044 2.17092
0.0750 0.9250 0.0000 728.00044 2.04024
0.0750 0.9250 0.0000 736.00045 1.84562
0.0750 0.9250 0.0000 744.00045 1.76254
0.0750 0.9250 0.0000 752.00046 1.67353
0.0750 0.9250 0.0000 760.00046 1.60751
0.0750 0.9250 0.0000 768.00047 1.62988
0.0750 0.9250 0.0000 776.00047 1.60678
0.0750 0.9250 0.0000 784.00048 1.64584
0.1000 0.9000 0.0000 792.00048 0
0.1000 0.9000 0.0000 800.00049 0

0.1000 0.9000 0.0000 8.00000 0.0123685
0.1000 0.9000 0.0000 16.00001 0.0211718
0.1000 0.9000 0.0000 24.00001 0.059468
0.1000 0.9000 0.0000 32.00002 0.0684712
0.1000 0.9000 0.0000 40.00002 0.137607
0.1000 0.9000 0.0000 48.00003 0.0861115
0.1000 0.9000 0.0000 56.00003 0.0964335
0.1000 0.9000 0.0000 64.00004 0.144166
0.1000 0.9000 0.0000 72.00004 0.159038
0.1000 0.9000 0.0000 80.00005 0.165905
0.1000 0.9000 0.0000 88.00005 0.192308
0.1000 0.9000 0.0000 96.00006 0.229282
0.1000 0.9000 0.0000 104.00006 0.265067
0.1000 0.9000 0.0000 112.00007 0.316538
0.1000 0.9000 0.0000 120.00007 0.365915
0.1000 0.9000 0.0000 128.00008 0.44849
0.1000 0.9000 0.0000 136.00008 0.5329
0.1000 0.9000 0.0000 144.00009 0.662911
0.1000 0.9000 0.0000 152.00009 0.734018
0.1000 0.9000 0.0000 160.00010 0.727435
0.1000 0.9000 0.0000 168.00010 0.764654
0.1000 0.9000 0.0000 176.00011 0.833164
0.1000 0.9000 0.0000 184.00011 0.884873
0.1000 0.9000 0.0000 192.00012 0.849342
0.1000 0.9000 0.0000 200.00012 0.8408
0.1000 0.9000 0.0000 208.00013 0.863785
0.1000 0.9000 0.0000 216.00013 0.806938
0.1000 0.9000 0.0000 224.00014 0.768247
0.1000 0.9000 0.0000 232.00014 0.757704
0.1000 0.9000 0.0000 240.00015 0.732377
0.1000 0.9000 0.0000 248.00015 0.677396
0.1000 0.9000 0.0000 256.00016 0.596546
0.1000 0.9000 0.0000 264.00016 0.61638
0.1000 0.9000 0.0000 272.00017 0.70184
0.1000 0.9000 0.0000 280.00017 0.742108
0.1000 0.9000 0.0000 288.00017 0.689444
0.1000 0.9000 0.0000 296.00018 0.662694
0.1000 0.9000 0.0000 304.00018 0.713421
0.1000 0.9000 0.0000 312.00019 0.691434
0.1000 0.9000 0.0000 320.00019 0.662395
0.1000 0.9000 0.0000 328.00020 0.619561
0.1000 0.9000 0.0000 336.00020 0.569881
0.1000 0.9000 0.0000 344.00021 0.595845
0.1000 0.9000 0.0000 352.00021 0.639588
0.1000 0.9000 0.0000 360.00022 0.63566
0.1000 0.9000 0.0000 368.00022 0.624863
0.1000 0.9000 0.0000 376.00023 0.675579
0.1000 0.9000 0.0000 384.00023 0.696976
0.1000 0.9000 0.0000 392.00024 0.759658
0.1000 0.9000 0.0000 400.00024 0.888509
0.1000 0.9000 0.0000 408.00025 0.988129
0.1000 0.9000 0.0000 416.00025 1.08918
0.1000 0.9000 0.0000 424.00026 1.20681
0.1000 0.9000 0.0000 432.00026 1.29549
0.1000 0.9000 0.0000 440.00027 1.40674
0.1000 0.9000 0.0000 448.00027 1.54824
0.1000 0.9000 0.0000 456.00028 1.43329
0.1000 0.9000 0.0000 464.00028 1.26485
0.1000 0.9000 0.0000 472.00029 1.22562
0.1000 0.9000 0.0000 480.00029 1.42595
0.1000 0.9000 0.0000 488.00030 1.75485
0.1000 0.9000 0.0000 496.00030 1.87579
0.1000 0.9000 0.0000 504.00031 1.8154
0.1000 0.9000 0.0000 512.00031 1.8303
0.1000 0.9000 0.0000 520.00032 1.8352
0.1000 0.9000 0.0000 528.00032 1.74314
0.1000 0.9000 0.0000 536.00033 1.74355
0.1000 0.9000 0.0000 544.00033 1.78331
0.1000 0.9000 0.0000 552.00034 1.69362
0.1000 0.9000 0.0000 560.00034 1.75451
0.1000 0.9000 0.0000 568.00035 1.83756
0.1000 0.9000 0.0000 576.00035 1.86905
0.1000 0.9000 0.0000 584.00035 1.86609
0.1000 0.9000 0.0000 592.00036 1.79447
0.1000 0.9000 0.0000 600.00036 1.71019
0.1000 0.9000 0.0000 608.00037 1.73055
0.1000 0.9000 0.0000 616.00037 1.67547
0.1000 0.9000 0.0000 624.00038 1.65178
0.1000 0.9000 0.0000 632.00038 1.70971
0.1000 0.9000 0.0000 640.00039 1.8283
0.1000 0.9000 0.0000 648.00039 2.15453
0.1000 0.9000 0.0000 656.00040 2.27717
0.1000 0.9000 0.0000 664.00040 2.29435
0.1000 0.9000 0.0000 672.00041 2.21541
0.1000 0.9000 0.0000 680.00041 2.12799
0.1000 0.9000 0.0000 688.00042 1.995
0.1000 0.9000 0.0000 696.00042 2.00035
0.1000 0.9000 0.0000 704.00043 1.89499
0.1000 0.9000 0.0000 712.00043 1.74924
0.1000 0.9000 0.0000 720.00044 1.78287
0.1000 0.9000 0.0000 728.00044 1.80361
0.1000 0.9000 0.0000 736.00045 1.73275
0.1000 0.9000 0.0000 744.00045 1.55001
0.1000 0.9000 0.0000 752.00046 1.45385
0.1000 0.9000 0.0000 760.00046 1.34988
0.1000 0.9000 0.0000 768.00047 1.29702
0.1000 0.9000 0.0000 776.00047 1.24439
0.1000 0.9000 0.0000 784.00048 1.16585
0.1000 0.9000 0.0000 792.00048 1.12933
0.1000 0.9000 0.0000 800.00049 1.10543

0.1250 0.8750 0.0000 8.00000 0.012937
0.1250 0.8750 0.0000 16.00001 0.120113
0.1250 0.8750 0.0000 24.00001 0.189353
0.1250 0.8750 0.0000 32.00002 0.150054
0.1250 0.8750 0.0000 40.00002 0.195545
0.1250 0.8750 0.0000 48.00003 0.19471
0.1250 0.8750 0.0000 56.00003 0.203089
0.1250 0.8750 0.0000 64.00004 0.227318
0.1250 0.8750 0.0000 72.00004 0.180777
0.1250 0.8750 0.0000 80.00005 0.21994
0.1250 0.8750 0.0000 88.00005 0.273137
0.1250 0.8750 0.0000 96.00006 0.243124
0.1250 0.8750 0.0000 104.00006 0.211106
0.1250 0.8750 0.0000 112.00007 0.213642
0.1250 0.8750 0.0000 120.00007 0.231442
0.1250 0.8750 0.0000 128.00008 0.276318
0.1250 0.8750 0.0000 136.00008 0.307423
0.1250 0.8750 0.0000 144.00009 0.286825
0.1250 0.8750 0.0000 152.00009 0.280774
0.1250 0.8750 0.0000 160.00010 0.300114
0.1250 0.8750 0.0000 168.00010 0.32496
0.1250 0.8750 0.0000 176.00011 0.388858
0.1250 0.8750 0.0000 184.00011 0.454861
0.1250 0.8750 0.0000 192.00012 0.53232
0.1250 0.8750 0.0000 200.00012 0.592908
0.1250 0.8750 0.0000 208.00013 0.600121
0.1250 0.8750 0.0000 216.00013 0.608795
0.1250 0.8750 0.0000 224.00014 0.622502
0.1250 0.8750 0.0000 232.00014 0.652928
0.1250 0.8750 0.0000 240.00015 0.727723
0.1250 0.8750 0.0000 248.00015 0.77081
0.1250 0.8750 0.0000 256.00016 0.802039
0.1250 0.8750 0.0000 264.00016 0.830402
0.1250 0.8750 0.0000 272.00017 1.01346
0.1250 0.8750 0.0000 280.00017 1.22048
0.1250 0.8750 0.0000 288.00017 1.25634
0.1250 0.8750 0.0000 296.00018 1.24568
0.1250 0.8750 0.0000 304.00018 1.23181
0.1250 0.8750 0.0000 312.00019 1.36568
0.1250 0.8750 0.0000 320.00019 1.41469
0.1250 0.8750 0.0000 328.00020 1.36162
0.1250 0.8750 0.0000 336.00020 1.37994
0.1250 0.8750 0.0000 344.00021 1.38593
0.1250 0.8750 0.0000 352.00021 1.53323
0.1250 0.8750 0.0000 360.00022 1.72558
0.1250 0.8750 0.0000 368.00022 1.62317
0.1250 0.8750 0.0000 376.00023 1.42802
0.1250 0.8750 0.0000 384.00023 1.36047
0.1250 0.8750 0.0000 392.00024 1.42623
0.1250 0.8750 0.0000 400.00024 1.62331
0.1250 0.8750 0.0000 408.00025 1.8357
0.1250 0.8750 0.0000 416.00025 1.80829
0.1250 0.8750 0.0000 424.00026 1.79223
0.1250 0.8750 0.0000 432.00026 1.67911
0.1250 0.8750 0.0000 440.00027 1.70271
0.1250 0.8750 0.0000 448.00027 1.80763
0.1250 0.8750 0.0000 456.00028 1.91645
0.1250 0.8750 0.0000 464.00028 1.86152
0.1250 0.8750 0.0000 472.00029 1.7891
0.1250 0.8750 0.0000 480.00029 1.57889
0.1250 0.8750 0.0000 488.00030 1.41658
0.1250 0.8750 0.0000 496.00030 1.27037
0.1250 0.8750 0.0000 504.00031 1.15138
0.1250 0.8750 0.0000 512.00031 1.10181
0.1250 0.8750 0.0000 520.00032 1.10229
0.1250 0.8750 0.0000 528.00032 1.13604
0.1250 0.8750 0.0000 536.00033 1.11598
0.1250 0.8750 0.0000 544.00033 1.12982
0.1250 0.8750 0.0000 552.00034 1.08302
0.1250 0.8750 0.0000 560.00034 1.03933
0.1250 0.8750 0.0000 568.00035 1.05353
0.1250 0.8750 0.0000 576.00035 1.12907
0.1250 0.8750 0.0000 584.00035 1.36478
0.1250 0.8750 0.0000 592.00036 1.54822
0.1250 0.8750 0.0000 600.00036 1.68799
0.1250 0.8750 0.0000 608.00037 1.69001
0.1250 0.8750 0.0000 616.00037 1.56677
0.1250 0.8750 0.0000 624.00038 1.56288
0.1250 0.8750 0.0000 632.00038 1.70455
0.1250 0.8750 0.0000 640.00039 1.75149
0.1250 0.8750 0.0000 648.00039 1.75309
0.1250 0.8750 0.0000 656.00040 1.88019
0.1250 0.8750 0.0000 664.00040 2.09762
0.1250 0.8750 0.0000 672.00041 2.19088
0.1250 0.8750 0.0000 680.00041 2.08615
0.1250 0.8750 0.0000 688.00042 2.04143
0.1250 0.8750 0.0000 696.00042 1.99495
0.1250 0.8750 0.0000 704.00043 1.9303
0.1250 0.8750 0.0000 712.00043 1.77121
0.1250 0.8750 0.0000 720.00044 1.75357
0.1250 0.8750 0.0000 728.00044 1.87315
0.1250 0.8750 0.0000 736.00045 1.91952
0.1250 0.8750 0.0000 744.00045 1.90576
0.1250 0.8750 0.0000 752.00046 1.87094
0.1250 0.8750 0.0000 760.00046 1.85119
0.1250 0.8750 0.0000 768.00047 1.89773
0.1250 0.8750 0.0000 776.00047 1.94145
0.1250 0.8750 0.0000 784.00048 2.00418
0.1250 0.8750 0.0000 792.00048 1.9935
0.1250 0.8750 0.0000 800.00049 1.88717

0.1500 0.8500 0.0000 8.00000 0.0160515
0.1500 0.8500 0.0000 16.00001 0.0380451
0.1500 0.8500 0.0000 24.00001 0.0455809
0.1500 0.8500 0.0000 32.00002 0.0918013
0.1500 0.8500 0.0000 40.00002 0.0817858
0.1500 0.8500 0.0000 48.00003 0.105683
0.1500 0.8500 0.0000 56.00003 0.149861
0.1500 0.8500 0.0000 64.00004 0.135834
0.1500 0.8500 0.0000 72.00004 0.152012
0.1500 0.8500 0.0000 80.00005 0.197519
0.1500 0.8500 0.0000 88.00005 0.216436
0.1500 0.8500 0.0000 96.00006 0.241892
0.1500 0.8500 0.0000 104.00006 0.289852
0.1500 0.8500 0.0000 112.00007 0.346239
0.1500 0.8500 0.0000 120.00007 0.344378
0.1500 0.8500 0.0000 128.00008 0.387709
0.1500 0.8500 0.0000 136.00008 0.450658
0.1500 0.8500 0.0000 144.00009 0.474961
0.1500 0.8500 0.0000 152.00009 0.521909
0.1500 0.8500 0.0000 160.00010 0.616145
0.1500 0.8500 0.0000 168.00010 0.749615
0.1500 0.8500 0.0000 176.00011 0.822236
0.1500 0.8500 0.0000 184.00011 0.808187
0.1500 0.8500 0.0000 192.00012 0.763741
0.1500 0.8500 0.0000 200.00012 0.721229
0.1500 0.8500 0.0000 208.00013 0.69753
0.1500 0.8500 0.0000 216.00013 0.722638
0.1500 0.8500 0.0000 224.00014 0.73484
0.1500 0.8500 0.0000 232.00014 0.732442
0.1500 0.8500 0.0000 240.00015 0.765081
0.1500 0.8500 0.0000 248.00015 0.805815
0.1500 0.8500 0.0000 256.00016 0.931275
0.1500 0.8500 0.0000 264.00016 0.944334
0.1500 0.8500 0.0000 272.00017 0.878552
0.1500 0.8500 0.0000 280.00017 0.844683
0.1500 0.8500 0.0000 288.00017 0.828269
0.1500 0.8500 0.0000 296.00018 0.868591
0.1500 0.8500 0.0000 304.00018 0.894926
0.1500 0.8500 0.0000 312.00019 0.879424
0.1500 0.8500 0.0000 320.00019 0.892757
0.1500 0.8500 0.0000 328.00020 0.850318
0.1500 0.8500 0.0000 336.00020 0.813036
0.1500 0.8500 0.0000 344.00021 0.792084
0.1500 0.8500 0.0000 352.00021 0.815421
0.1500 0.8500 0.0000 360.00022 0.891534
0.1500 0.8500 0.0000 368.00022 1.00079
0.1500 0.8500 0.0000 376.00023 1.0487
0.1500 0.8500 0.0000 384.00023 0.984731
0.1500 0.8500 0.0000 392.00024 0.96137
0.1500 0.8500 0.0000 400.00024 1.07981
0.1500 0.8500 0.0000 408.00025 1.22778
0.1500 0.8500 0.0000 416.00025 1.26563
0.1500 0.8500 0.0000 424.00026 1.21933
0.1500 0.8500 0.0000 432.00026 1.2819
0.1500 0.8500 0.0000 440.00027 1.41315
0.1500 0.8500 0.0000 448.00027 1.62226
0.1500 0.8500 0.0000 456.00028 1.86114
0.1500 0.8500 0.0000 464.00028 2.03081
0.1500 0.8500 0.0000 472.00029 2.12842
0.1500 0.8500 0.0000 480.00029 2.13144
0.1500 0.8500 0.0000 488.00030 2.08001
0.1500 0.8500 0.0000 496.00030 2.18243
0.1500 0.8500 0.0000 504.00031 2.09645
0.1500 0.8500 0.0000 512.00031 2.00228
0.1500 0.8500 0.0000 520.00032 2.03349
0.1500 0.8500 0.0000 528.00032 2.07578
0.1500 0.8500 0.0000 536.00033 2.04909
0.1500 0.8500 0.0000 544.00033 2.02029
0.1500 0.8500 0.0000 552.00034 1.90504
0.1500 0.8500 0.0000 560.00034 1.73127
0.1500 0.8500 0.0000 568.00035 1.68972
0.1500 0.8500 0.0000 576.00035 1.81034
0.1500 0.8500 0.0000 584.00035 1.89933
0.1500 0.8500 0.0000 592.00036 2.01862
0.1500 0.8500 0.0000 600.00036 2.13281
0.1500 0.8500 0.0000 608.00037 2.2321
0.1500 0.8500 0.0000 616.00037 2.28493
0.1500 0.8500 0.0000 624.00038 2.03031
0.1500 0.8500 0.0000 632.00038 1.97242
0.1500 0.8500 0.0000 640.00039 2.11558
0.1500 0.8500 0.0000 648.00039 2.354
0.1500 0.8500 0.0000 656.00040 2.3989
0.1500 0.8500 0.0000 664.00040 2.42151
0.1500 0.8500 0.0000 672.00041 2.41871
0.1500 0.8500 0.0000 680.00041 2.34549
0.1500 0.8500 0.0000 688.00042 2.13827
0.1500 0.8500 0.0000 696.00042 1.96219
0.1500 0.8500 0.0000 704.00043 1.96355
0.1500 0.8500 0.0000 712.00043 1.86751
0.1500 0.8500 0.0000 720.00044 1.81518
0.1500 0.8500 0.0000 728.00044 1.81786
0.1500 0.8500 0.0000 736.00045 1.90659
0.1500 0.8500 0.0000 744.00045 1.95517
0.1500 0.8500 0.0000 752.00046 1.84296
0.1500 0.8500 0.0000 760.00046 1.84882
0.1500 0.8500 0.0000 768.00047 1.89213
0.1500 0.8500 0.0000 776.00047 1.68263
0.1500 0.8500 0.0000 784.00048 1.42602
0.1500 0.8500 0.0000 792.00048 1.26621
0.1500 0.8500 0.0000 800.00049 1.1622

0.1750 0.8250 0.0000 8.00000 0.0083331
0.1750 0.8250 0.0000 16.00001 0.0358
0.1750 0.8250 0.0000 24.00001 0.0713994
0.1750 0.8250 0.0000 32.00002 0.0490316
0.1750 0.8250 0.0000 40.00002 0.0640533
0.1750 0.8250 0.0000 48.00003 0.086974
0.1750 0.8250 0.0000 56.00003 0.0988823
0.1750 0.8250 0.0000 64.00004 0.112561
0.1750 0.8250 0.0000 72.00004 0.123549
0.1750 0.8250 0.0000 80.00005 0.13848
0.1750 0.8250 0.0000 88.00005 0.167388
0.1750 0.8250 0.0000 96.00006 0.21377
0.1750 0.8250 0.0000 104.00006 0.26083
0.1750 0.8250 0.0000 112.00007 0.273183
0.1750 0.8250 0.0000 120.00007 0.270497
0.1750 0.8250 0.0000 128.00008 0.292511
0.1750 0.8250 0.0000 136.00008 0.304506
0.1750 0.8250 0.0000 144.00009 0.300572
0.1750 0.8250 0.0000 152.00009 0.315609
0.1750 0.8250 0.0000 160.00010 0.335645
0.1750 0.8250 0.0000 168.00010 0.34048
0.1750 0.8250 0.0000 176.00011 0.345864
0.1750 0.8250 0.0000 184.00011 0.362953
0.1750 0.8250 0.0000 192.00012 0.397632
0.1750 0.8250 0.0000 200.00012 0.456446
0.1750 0.8250 0.0000 208.00013 0.483914
0.1750 0.8250 0.0000 216.00013 0.468762
0.1750 0.8250 0.0000 224.00014 0.457241
0.1750 0.8250 0.0000 232.00014 0.484605
0.1750 0.8250 0.0000 240.00015 0.479645
0.1750 0.8250 0.0000 248.00015 0.503189
0.1750 0.8250 0.0000 256.00016 0.582418
0.1750 0.8250 0.0000 264.00016 0.639407
0.1750 0.8250 0.0000 272.00017 0.645724
0.1750 0.8250 0.0000 280.00017 0.716021
0.1750 0.8250 0.0000 288.00017 0.839465
0.1750 0.8250 0.0000 296.00018 0.932629
0.1750 0.8250 0.0000 304.00018 1.04599
0.1750 0.8250 0.0000 312.00019 1.1677
0.1750 0.8250 0.0000 320.00019 1.14587
0.1750 0.8250 0.0000 328.00020 1.07263
0.1750 0.8250 0.0000 336.00020 1.01441
0.1750 0.8250 0.0000 344.00021 1.02186
0.1750 0.8250 0.0000 352.00021 1.09633
0.1750 0.8250 0.0000 360.00022 1.19694
0.1750 0.8250 0.0000 368.00022 1.24017
0.1750 0.8250 0.0000 376.00023 1.2135
0.1750 0.8250 0.0000 384.00023 1.21506
0.1750 0.8250 0.0000 392.00024 1.29039
0.1750 0.8250 0.0000 400.00024 1.32427
0.1750 0.8250 0.0000 408.00025 1.53322
0.1750 0.8250 0.0000 416.00025 1.63807
0.1750 0.8250 0.0000 424.00026 1.55758
0.1750 0.8250 0.0000 432.00026 1.61472
0.1750 0.8250 0.0000 440.00027 1.80809
0.1750 0.8250 0.0000 448.00027 2.0004
0.1750 0.8250 0.0000 456.00028 2.21756
0.1750 0.8250 0.0000 464.00028 2.16945
0.1750 0.8250 0.0000 472.00029 1.96798
0.1750 0.8250 0.0000 480.00029 1.84809
0.1750 0.8250 0.0000 488.00030 1.71792
0.1750 0.8250 0.0000 496.00030 1.62485
0.1750 0.8250 0.0000 504.00031 1.65973
0.1750 0.8250 0.0000 512.00031 1.72757
0.1750 0.8250 0.0000 520.00032 1.76357
0.1750 0.8250 0.0000 528.00032 1.89923
0.1750 0.8250 0.0000 536.00033 2.01987
0.1750 0.8250 0.0000 544.00033 2.1872
0.1750 0.8250 0.0000 552.00034 2.29299
0.1750 0.8250 0.0000 560.00034 2.27824
0.1750 0.8250 0.0000 568.00035 2.23498
0.1750 0.8250 0.0000 576.00035 2.11558
0.1750 0.8250 0.0000 584.00035 2.13622
0.1750 0.8250 0.0000 592.00036 2.31685
0.1750 0.8250 0.0000 600.00036 2.25516
0.1750 0.8250 0.0000 608.00037 2.17388
0.1750 0.8250 0.0000 616.00037 2.15873
0.1750 0.8250 0.0000 624.00038 2.18062
0.1750 0.8250 0.0000 632.00038 2.23421
0.1750 0.8250 0.0000 640.00039 2.2061
0.1750 0.8250 0.0000 648.00039 2.42335
0.1750 0.8250 0.0000 656.00040 2.54045
0.1750 0.8250 0.0000 664.00040 2.55705
0.1750 0.8250 0.0000 672.00041 2.47813
0.1750 0.8250 0.0000 680.00041 2.46768
0.1750 0.8250 0.0000 688.00042 2.49206
0.1750 0.8250 0.0000 696.00042 2.46997
0.1750 0.8250 0.0000 704.00043 2.36915
0.1750 0.8250 0.0000 712.00043 2.29164
0.1750 0.8250 0.0000 720.00044 2.09634
0.1750 0.8250 0.0000 728.00044 2.00153
0.1750 0.8250 0.0000 736.00045 2.01206
0.1750 0.8250 0.0000 744.00045 1.92507
0.1750 0.8250 0.0000 752.00046 1.9179
0.1750 0.8250 0.0000 760.00046 1.92898
0.1750 0.8250 0.0000 768.00047 1.96227
0.1750 0.8250 0.0000 776.00047 2.05975
0.1750 0.8250 0.0000 784.00048 2.01749
0.1750 0.8250 0.0000 792.00048 1.80238
0.1750 0.8250 0.0000 800.00049 1.68423

0.2000 0.8000 0.0000 8.00000 0.0186388
0.2000 0.8000 0.0000 16.00001 0.0203402
0.2000 0.8000 0.0000 24.00001 0.0466423
0.2000 0.8000 0.0000 32.00002 0.0471138
0.2000 0.8000 0.0000 40.00002 0.0813723
0.2000 0.8000 0.0000 48.00003 0.101417
0.2000 0.8000 0.0000 56.00003 0.137234
0.2000 0.8000 0.0000 64.00004 0.138594
0.2000 0.8000 0.0000 72.00004 0.140915
0.2000 0.8000 0.0000 80.00005 0.157022
0.2000 0.8000 0.0000 88.00005 0.162807
0.2000 0.8000 0.0000 96.00006 0.202368
0.2000 0.8000 0.0000 104.00006 0.228229
0.2000 0.8000 0.0000 112.00007 0.223793
0.2000 0.8000 0.0000 120.00007 0.216979
0.2000 0.8000 0.0000 128.00008 0.220863
0.2000 0.8000 0.0000 136.00008 0.222663
0.2000 0.8000 0.0000 144.00009 0.25507
0.2000 0.8000 0.0000 152.00009 0.309371
0.2000 0.8000 0.0000 160.00010 0.326382
0.2000 0.8000 0.0000 168.00010 0.349646
0.2000 0.8000 0.0000 176.00011 0.379532
0.2000 0.8000 0.0000 184.00011 0.418437
0.2000 0.8000 0.0000 192.00012 0.428802
0.2000 0.8000 0.0000 200.00012 0.400879
0.2000 0.8000 0.0000 208.00013 0.39472
0.2000 0.8000 0.0000 216.00013 0.405858
0.2000 0.8000 0.0000 224.00014 0.453751
0.2000 0.8000 0.0000 232.00014 0.458962
0.2000 0.8000 0.0000 240.00015 0.467068
0.2000 0.8000 0.0000 248.00015 0.467226
0.2000 0.8000 0.0000 256.00016 0.522215
0.2000 0.8000 0.0000 264.00016 0.604407
0.2000 0.8000 0.0000 272.00017 0.697707
0.2000 0.8000 0.0000 280.00017 0.81771
0.2000 0.8000 0.0000 288.00017 0.88189
0.2000 0.8000 0.0000 296.00018 0.851786
0.2000 0.8000 0.0000 304.00018 0.848696
0.2000 0.8000 0.0000 312.00019 0.957942
0.2000 0.8000 0.0000 320.00019 1.05053
0.2000 0.8000 0.0000 328.00020 1.06718
0.2000 0.8000 0.0000 336.00020 1.03775
0.2000 0.8000 0.0000 344.00021 1.02825
0.2000 0.8000 0.0000 352.00021 1.02353
0.2000 0.8000 0.0000 360.00022 1.10814
0.2000 0.8000 0.0000 368.00022 1.15084
0.2000 0.8000 0.0000 376.00023 1.17562
0.2000 0.8000 0.0000 384.00023 1.26096
0.2000 0.8000 0.0000 392.00024 1.25064
0.2000 0.8000 0.0000 400.00024 1.19594
0.2000 0.8000 0.0000 408.00025 1.20341
0.2000 0.8000 0.0000 416.00025 1.26853
0.2000 0.8000 0.0000 424.00026 1.43336
0.2000 0.8000 0.0000 432.00026 1.71386
0.2000 0.8000 0.0000 440.00027 1.99132
0.2000 0.8000 0.0000 448.00027 1.92746
0.2000 0.8000 0.0000 456.00028 1.90176
0.2000 0.8000 0.0000 464.00028 1.94413
0.2000 0.8000 0.0000 472.00029 1.98114
0.2000 0.8000 0.0000 480.00029 1.9936
0.2000 0.8000 0.0000 488.00030 2.0735
0.2000 0.8000 0.0000 496.00030 1.98996
0.2000 0.8000 0.0000 504.00031 1.87589
0.2000 0.8000 0.0000 512.00031 1.87548
0.2000 0.8000 0.0000 520.00032 1.96936
0.2000 0.8000 0.0000 528.00032 2.17294
0.2000 0.8000 0.0000 536.00033 2.44265
0.2000 0.8000 0.0000 544.00033 2.61756
0.2000 0.8000 0.0000 552.00034 2.73081
0.2000 0.8000 0.0000 560.00034 2.82341
0.2000 0.8000 0.0000 568.00035 2.77132
0.2000 0.8000 0.0000 576.00035 2.72986
0.2000 0.8000 0.0000 584.00035 2.61708
0.2000 0.8000 0.0000 592.00036 2.54377
0.2000 0.8000 0.0000 600.00036 2.58781
0.2000 0.8000 0.0000 608.00037 2.63631
0.2000 0.8000 0.0000 616.00037 2.77561
0.2000 0.8000 0.0000 624.00038 2.84158
0.2000 0.8000 0.0000 632.00038 2.94994
0.2000 0.8000 0.0000 640.00039 3.01689
0.2000 0.8000 0.0000 648.00039 2.82752
0.2000 0.8000 0.0000 656.00040 2.58115
0.2000 0.8000 0.0000 664.00040 2.56537
0.2000 0.8000 0.0000 672.00041 2.63419
0.2000 0.8000 0.0000 680.00041 2.59476
0.2000 0.8000 0.0000 688.00042 2.49639
0.2000 0.8000 0.0000 696.00042 2.27139
0.2000 0.8000 0.0000 704.00043 2.13249
0.2000 0.8000 0.0000 712.00043 2.19648
0.2000 0.8000 0.0000 720.00044 2.28898
0.2000 0.8000 0.0000 728.00044 2.23411
0.2000 0.8000 0.0000 736.00045 2.17266
0.2000 0.8000 0.0000 744.00045 2.16477
0.2000 0.8000 0.0000 752.00046 2.14556
0.2000 0.8000 0.0000 760.00046 1.97272
0.2000 0.8000 0.0000 768.00047 1.92647
0.2000 0.8000 0.0000 776.00047 1.84107
0.2000 0.8000 0.0000 784.00048 1.76869
0.2000 0.8000 0.0000 792.00048 1.80276
0.2000 0.8000 0.0000 800.00049 1.81412

0.2250 0.7750 0.0000 8.00000 0.0068545
0.2250 0.7750 0.0000 16.00001 0.0177487
0.2250 0.7750 0.0000 24.00001 0.0278326
0.2250 0.7750 0.0000 32.00002 0.0552414
0.2250 0.7750 0.0000 40.00002 0.0916394
0.2250 0.7750 0.0000 48.00003 0.0854757
0.2250 0.7750 0.0000 56.00003 0.127836
0.2250 0.7750 0.0000 64.00004 0.134813
0.2250 0.7750 0.0000 72.00004 0.149792
0.2250 0.7750 0.0000 80.00005 0.171991
0.2250 0.7750 0.0000 88.00005 0.203649
0.2250 0.7750 0.0000 96.00006 0.233793
0.2250 0.7750 0.0000 104.00006 0.265978
0.2250 0.7750 0.0000 112.00007 0.295046
0.2250 0.7750 0.0000 120.00007 0.293948
0.2250 0.7750 0.0000 128.00008 0.290178
0.2250 0.7750 0.0000 136.00008 0.314067
0.2250 0.7750 0.0000 144.00009 0.31574
0.2250 0.7750 0.0000 152.00009 0.329026
0.2250 0.7750 0.0000 160.00010 0.365445
0.2250 0.7750 0.0000 168.00010 0.387257
0.2250 0.7750 0.0000 176.00011 0.444963
0.2250 0.7750 0.0000 184.00011 0.487776
0.2250 0.7750 0.0000 192.00012 0.478071
0.2250 0.7750 0.0000 200.00012 0.498419
0.2250 0.7750 0.0000 208.00013 0.492955
0.2250 0.7750 0.0000 216.00013 0.487154
0.2250 0.7750 0.0000 224.00014 0.505482
0.2250 0.7750 0.0000 232.00014 0.530338
0.2250 0.7750 0.0000 240.00015 0.552119
0.2250 0.7750 0.0000 248.00015 0.561616
0.2250 0.7750 0.0000 256.00016 0.623702
0.2250 0.7750 0.0000 264.00016 0.702659
0.2250 0.7750 0.0000 272.00017 0.787687
0.2250 0.7750 0.0000 280.00017 0.841501
0.2250 0.7750 0.0000 288.00017 0.854244
0.2250 0.7750 0.0000 296.00018 0.886683
0.2250 0.7750 0.0000 304.00018 0.916019
0.2250 0.7750 0.0000 312.00019 0.943936
0.2250 0.7750 0.0000 320.00019 1.00392
0.2250 0.7750 0.0000 328.00020 1.13945
0.2250 0.7750 0.0000 336.00020 1.21308
0.2250 0.7750 0.0000 344.00021 1.18264
0.2250 0.7750 0.0000 352.00021 1.24357
0.2250 0.7750 0.0000 360.00022 1.38474
0.2250 0.7750 0.0000 368.00022 1.40682
0.2250 0.7750 0.0000 376.00023 1.31929
0.2250 0.7750 0.0000 384.00023 1.36912
0.2250 0.7750 0.0000 392.00024 1.45186
0.2250 0.7750 0.0000 400.00024 1.45346
0.2250 0.7750 0.0000 408.00025 1.4727
0.2250 0.7750 0.0000 416.00025 1.46204
0.2250 0.7750 0.0000 424.00026 1.53659
0.2250 0.7750 0.0000 432.00026 1.77368
0.2250 0.7750 0.0000 440.00027 2.04205
0.2250 0.7750 0.0000 448.00027 2.36685
0.2250 0.7750 0.0000 456.00028 2.44206
0.2250 0.7750 0.0000 464.00028 2.26586
0.2250 0.7750 0.0000 472.00029 2.19204
0.2250 0.7750 0.0000 480.00029 2.23902
0.2250 0.7750 0.0000 488.00030 2.12063
0.2250 0.7750 0.0000 496.00030 2.15651
0.2250 0.7750 0.0000 504.00031 2.2493
0.2250 0.7750 0.0000 512.00031 2.24414
0.2250 0.7750 0.0000 520.00032 2.34053
0.2250 0.7750 0.0000 528.00032 2.27234
0.2250 0.7750 0.0000 536.00033 2.29225
0.2250 0.7750 0.0000 544.00033 2.51267
0.2250 0.7750 0.0000 552.00034 2.74757
0.2250 0.7750 0.0000 560.00034 2.76836
0.2250 0.7750 0.0000 568.00035 2.56213
0.2250 0.7750 0.0000 576.00035 2.46062
0.2250 0.7750 0.0000 584.00035 2.60596
0.2250 0.7750 0.0000 592.00036 2.79123
0.2250 0.7750 0.0000 600.00036 2.90658
0.2250 0.7750 0.0000 608.00037 2.9433
0.2250 0.7750 0.0000 616.00037 3.23694
0.2250 0.7750 0.0000 624.00038 3.24601
0.2250 0.7750 0.0000 632.00038 3.15902
0.2250 0.7750 0.0000 640.00039 3.0976
0.2250 0.7750 0.0000 648.00039 3.02711
0.2250 0.7750 0.0000 656.00040 2.87209
0.2250 0.7750 0.0000 664.00040 2.7534
0.2250 0.7750 0.0000 672.00041 2.89473
0.2250 0.7750 0.0000 680.00041 2.89637
0.2250 0.7750 0.0000 688.00042 2.65104
0.2250 0.7750 0.0000 696.00042 2.34504
0.2250 0.7750 0.0000 704.00043 2.08283
0.2250 0.7750 0.0000 712.00043 1.9564
0.2250 0.7750 0.0000 720.00044 2.064
0.2250 0.7750 0.0000 728.00044 2.19958
0.2250 0.7750 0.0000 736.00045 2.1686
0.2250 0.7750 0.0000 744.00045 2.02757
0.2250 0.7750 0.0000 752.00046 1.99039
0.2250 0.7750 0.0000 760.00046 1.94753
0.2250 0.7750 0.0000 768.00047 1.92046
0.2250 0.7750 0.0000 776.00047 1.95156
0.2250 0.7750 0.0000 784.00048 1.86329
0.2250 0.7750 0.0000 792.00048 1.75079
0.2250 0.7750 0.0000 800.00049 1.69444

0.2500 0.7500 0.0000 8.00000 0.0039318
0.2500 0.7500 0.0000 16.00001 0.0116745
0.2500 0.7500 0.0000 24.00001 0.0206285
0.2500 0.7500 0.0000 32.00002 0.0305131
0.2500 0.7500 0.0000 40.00002 0.0405409
0.2500 0.7500 0.0000 48.00003 0.0583952
0.2500 0.7500 0.0000 56.00003 0.0693649
0.2500 0.7500 0.0000 64.00004 0.0766903
0.2500 0.7500 0.0000 72.00004 0.110365
0.2500 0.7500 0.0000 80.00005 0.1259
0.2500 0.7500 0.0000 88.00005 0.133295
0.2500 0.7500 0.0000 96.00006 0.172801
0.2500 0.7500 0.0000 104.00006 0.205544
0.2500 0.7500 0.0000 112.00007 0.217421
0.2500 0.7500 0.0000 120.00007 0.245608
0.2500 0.7500 0.0000 128.00008 0.282035
0.2500 0.7500 0.0000 136.00008 0.282169
0.2500 0.7500 0.0000 144.00009 0.280008
0.2500 0.7500 0.0000 152.00009 0.28753
0.2500 0.7500 0.0000 160.00010 0.298913
0.2500 0.7500 0.0000 168.00010 0.331554
0.2500 0.7500 0.0000 176.00011 0.408072
0.2500 0.7500 0.0000 184.00011 0.482412
0.2500 0.7500 0.0000 192.00012 0.572254
0.2500 0.7500 0.0000 200.00012 0.673111
0.2500 0.7500 0.0000 208.00013 0.701121
0.2500 0.7500 0.0000 216.00013 0.739016
0.2500 0.7500 0.0000 224.00014 0.732424
0.2500 0.7500 0.0000 232.00014 0.656199
0.2500 0.7500 0.0000 240.00015 0.6861
0.2500 0.7500 0.0000 248.00015 0.79038
0.2500 0.7500 0.0000 256.00016 0.902334
0.2500 0.7500 0.0000 264.00016 0.9695
0.2500 0.7500 0.0000 272.00017 1.11844
0.2500 0.7500 0.0000 280.00017 1.2173
0.2500 0.7500 0.0000 288.00017 1.18982
0.2500 0.7500 0.0000 296.00018 1.14442
0.2500 0.7500 0.0000 304.00018 1.17248
0.2500 0.7500 0.0000 312.00019 1.1895
0.2500 0.7500 0.0000 320.00019 1.15297
0.2500 0.7500 0.0000 328.00020 1.25692
0.2500 0.7500 0.0000 336.00020 1.53788
0.2500 0.7500 0.0000 344.00021 1.71296
0.2500 0.7500 0.0000 352.00021 1.75204
0.2500 0.7500 0.0000 360.00022 1.77741
0.2500 0.7500 0.0000 368.00022 1.84951
0.2500 0.7500 0.0000 376.00023 1.941
0.2500 0.7500 0.0000 384.00023 2.10375
0.2500 0.7500 0.0000 392.00024 2.04073
0.2500 0.7500 0.0000 400.00024 1.91997
0.2500 0.7500 0.0000 408.00025 2.06891
0.2500 0.7500 0.0000 416.00025 2.22141
0.2500 0.7500 0.0000 424.00026 2.15612
0.2500 0.7500 0.0000 432.00026 2.19545
0.2500 0.7500 0.0000 440.00027 2.23944
0.2500 0.7500 0.0000 448.00027 2.35208
0.2500 0.7500 0.0000 456.00028 2.48275
0.2500 0.7500 0.0000 464.00028 2.4516
0.2500 0.7500 0.0000 472.00029 2.43063
0.2500 0.7500 0.0000 480.00029 2.5633
0.2500 0.7500 0.0000 488.00030 2.74915
0.2500 0.7500 0.0000 496.00030 2.84004
0.2500 0.7500 0.0000 504.00031 2.86717
0.2500 0.7500 0.0000 512.00031 2.71813
0.2500 0.7500 0.0000 520.00032 2.69816
0.2500 0.7500 0.0000 528.00032 2.53153
0.2500 0.7500 0.0000 536.00033 2.55485
0.2500 0.7500 0.0000 544.00033 2.71629
0.2500 0.7500 0.0000 552.00034 2.68359
0.2500 0.7500 0.0000 560.00034 2.7548
0.2500 0.7500 0.0000 568.00035 2.91738
0.2500 0.7500 0.0000 576.00035 2.91234
0.2500 0.7500 0.0000 584.00035 2.82925
0.2500 0.7500 0.0000 592.00036 2.78976
0.2500 0.7500 0.0000 600.00036 2.73318
0.2500 0.7500 0.0000 608.00037 2.82458
0.2500 0.7500 0.0000 616.00037 2.86965
0.2500 0.7500 0.0000 624.00038 2.91218
0.2500 0.7500 0.0000 632.00038 3.05768
0.2500 0.7500 0.0000 640.00039 2.89356
0.2500 0.7500 0.0000 648.00039 2.74008
0.2500 0.7500 0.0000 656.00040 2.68813
0.2500 0.7500 0.0000 664.00040 2.67501
0.2500 0.7500 0.0000 672.00041 2.54387
0.2500 0.7500 0.0000 680.00041 2.35841
0.2500 0.7500 0.0000 688.00042 2.18196
0.2500 0.7500 0.0000 696.00042 2.10113
0.2500 0.7500 0.0000 704.00043 1.98497
0.2500 0.7500 0.0000 712.00043 1.89763
0.2500 0.7500 0.0000 720.00044 1.89879
0.2500 0.7500 0.0000 728.00044 2.00412
0.2500 0.7500 0.0000 736.00045 2.05845
0.2500 0.7500 0.0000 744.00045 1.87908
0.2500 0.7500 0.0000 752.00046 1.73257
0.2500 0.7500 0.0000 760.00046 1.66313
0.2500 0.7500 0.0000 768.00047 1.60267
0.2500 0.7500 0.0000 776.00047 1.58097
0.2500 0.7500 0.0000 784.00048 1.57971
0.2500 0.7500 0.0000 792.00048 1.43623
0.2500 0.7500 0.0000 800.00049 1.3161

0.2750 0.7250 0.0000 8.00000 0.0034982
0.2750 0.7250 0.0000 16.00001 0.0121123
0.2750 0.7250 0.0000 24.00001 0.0127166
0.2750 0.7250 0.0000 32.00002 0.0159137
0.2750 0.7250 0.0000 40.00002 0.0305209
0.2750 0.7250 0.0000 48.00003 0.0534014
0.2750 0.7250 0.0000 56.00003 0.0689613
0.2750 0.7250 0.0000 64.00004 0.0863232
0.2750 0.7250 0.0000 72.00004 0.0931929
0.2750 0.7250 0.0000 80.00005 0.104266
0.2750 0.7250 0.0000 88.00005 0.12965
0.2750 0.7250 0.0000 96.00006 0.165192
0.2750 0.7250 0.0000 104.00006 0.198557
0.2750 0.7250 0.0000 112.00007 0.199816
0.2750 0.7250 0.0000 120.00007 0.201191
0.2750 0.7250 0.0000 128.00008 0.207506
0.2750 0.7250 0.0000 136.00008 0.220762
0.2750 0.7250 0.0000 144.00009 0.277463
0.2750 0.7250 0.0000 152.00009 0.289437
0.2750 0.7250 0.0000 160.00010 0.295352
0.2750 0.7250 0.0000 168.00010 0.354983
0.2750 0.7250 0.0000 176.00011 0.389741
0.2750 0.7250 0.0000 184.00011 0.364321
0.2750 0.7250 0.0000 192.00012 0.350378
0.2750 0.7250 0.0000 200.00012 0.350867
0.2750 0.7250 0.0000 208.00013 0.374375
0.2750 0.7250 0.0000 216.00013 0.409508
0.2750 0.7250 0.0000 224.00014 0.444956
0.2750 0.7250 0.0000 232.00014 0.505962
0.2750 0.7250 0.0000 240.00015 0.570446
0.2750 0.7250 0.0000 248.00015 0.654291
0.2750 0.7250 0.0000 256.00016 0.829579
0.2750 0.7250 0.0000 264.00016 0.955328
0.2750 0.7250 0.0000 272.00017 1.10958
0.2750 0.7250 0.0000 280.00017 1.36483
0.2750 0.7250 0.0000 288.00017 1.49746
0.2750 0.7250 0.0000 296.00018 1.4465
0.2750 0.7250 0.0000 304.00018 1.43873
0.2750 0.7250 0.0000 312.00019 1.53243
0.2750 0.7250 0.0000 320.00019 1.69865
0.2750 0.7250 0.0000 328.00020 1.87452
0.2750 0.7250 0.0000 336.00020 2.1178
0.2750 0.7250 0.0000 344.00021 2.50784
0.2750 0.7250 0.0000 352.00021 2.97808
0.2750 0.7250 0.0000 360.00022 3.26187
0.2750 0.7250 0.0000 368.00022 3.34503
0.2750 0.7250 0.0000 376.00023 3.25426
0.2750 0.7250 0.0000 384.00023 3.38818
0.2750 0.7250 0.0000 392.00024 3.24959
0.2750 0.7250 0.0000 400.00024 2.91916
0.2750 0.7250 0.0000 408.00025 2.72826
0.2750 0.7250 0.0000 416.00025 2.82447
0.2750 0.7250 0.0000 424.00026 2.86611
0.2750 0.7250 0.0000 432.00026 3.06002
0.2750 0.7250 0.0000 440.00027 3.33067
0.2750 0.7250 0.0000 448.00027 3.40901
0.2750 0.7250 0.0000 456.00028 3.18018
0.2750 0.7250 0.0000 464.00028 3.04482
0.2750 0.7250 0.0000 472.00029 3.31049
0.2750 0.7250 0.0000 480.00029 3.35316
0.2750 0.7250 0.0000 488.00030 3.20488
0.2750 0.7250 0.0000 496.00030 3.18914
0.2750 0.7250 0.0000 504.00031 3.15313
0.2750 0.7250 0.0000 512.00031 3.28037
0.2750 0.7250 0.0000 520.00032 3.29475
0.2750 0.7250 0.0000 528.00032 3.20803
0.2750 0.7250 0.0000 536.00033 2.90941
0.2750 0.7250 0.0000 544.00033 2.84647
0.2750 0.7250 0.0000 552.00034 2.9355
0.2750 0.7250 0.0000 560.00034 2.92576
0.2750 0.7250 0.0000 568.00035 2.72306
0.2750 0.7250 0.0000 576.00035 2.55994
0.2750 0.7250 0.0000 584.00035 2.44754
0.2750 0.7250 0.0000 592.00036 2.37199
0.2750 0.7250 0.0000 600.00036 2.40338
0.2750 0.7250 0.0000 608.00037 2.4374
0.2750 0.7250 0.0000 616.00037 2.35859
0.2750 0.7250 0.0000 624.00038 2.18879
0.2750 0.7250 0.0000 632.00038 2.06327
0.2750 0.7250 0.0000 640.00039 2.00903
0.2750 0.7250 0.0000 648.00039 1.91658
0.2750 0.7250 0.0000 656.00040 1.94819
0.2750 0.7250 0.0000 664.00040 2.12288
0.2750 0.7250 0.0000 672.00041 2.14689
0.2750 0.7250 0.0000 680.00041 2.01966
0.2750 0.7250 0.0000 688.00042 1.86743
0.2750 0.7250 0.0000 696.00042 1.6952
0.2750 0.7250 0.0000 704.00043 1.54568
0.2750 0.7250 0.0000 712.00043 1.49722
0.2750 0.7250 0.0000 720.00044 1.52327
0.2750 0.7250 0.0000 728.00044 1.54513
0.2750 0.7250 0.0000 736.00045 1.4792
0.2750 0.7250 0.0000 744.00045 1.40051
0.2750 0.7250 0.0000 752.00046 1.35873
0.2750 0.7250 0.0000 760.00046 1.33337
0.2750 0.7250 0.0000 768.00047 1.27481
0.2750 0.7250 0.0000 776.00047 1.28904
0.2750 0.7250 0.0000 784.00048 1.28403
0.2750 0.7250 0.0000 792.00048 1.22199
0.2750 0.7250 0.0000 800.00049 1.14531

0.3000 0.7000 0.0000 8.00000 0.0032658
0.3000 0.7000 0.0000 16.00001 0.0072773
0.3000 0.7000 0.0000 24.00001 0.0261988
0.3000 0.7000 0.0000 32.00002 0.0244653
0.3000 0.7000 0.0000 40.00002 0.0398913
0.3000 0.7000 0.0000 48.00003 0.0511283
0.3000 0.7000 0.0000 56.00003 0.0630081
0.3000 0.7000 0.0000 64.00004 0.0706076
0.3000 0.7000 0.0000 72.00004 0.0991383
0.3000 0.7000 0.0000 80.00005 0.140298
0.3000 0.7000 0.0000 88.00005 0.159034
0.3000 0.7000 0.0000 96.00006 0.176676
0.3000 0.7000 0.0000 104.00006 0.204881
0.3000 0.7000 0.0000 112.00007 0.210951
0.3000 0.7000 0.0000 120.00007 0.231112
0.3000 0.7000 0.0000 128.00008 0.247416
0.3000 0.7000 0.0000 136.00008 0.253864
0.3000 0.7000 0.0000 144.00009 0.242826
0.3000 0.7000 0.0000 152.00009 0.265995
0.3000 0.7000 0.0000 160.00010 0.294381
0.3000 0.7000 0.0000 168.00010 0.33232
0.3000 0.7000 0.0000 176.00011 0.360453
0.3000 0.7000 0.0000 184.00011 0.36976
0.3000 0.7000 0.0000 192.00012 0.391216
0.3000 0.7000 0.0000 200.00012 0.428287
0.3000 0.7000 0.0000 208.00013 0.443919
0.3000 0.7000 0.0000 216.00013 0.430897
0.3000 0.7000 0.0000 224.00014 0.485068
0.3000 0.7000 0.0000 232.00014 0.54483
0.3000 0.7000 0.0000 240.00015 0.59034
0.3000 0.7000 0.0000 248.00015 0.627799
0.3000 0.7000 0.0000 256.00016 0.727758
0.3000 0.7000 0.0000 264.00016 0.847254
0.3000 0.7000 0.0000 272.00017 0.969832
0.3000 0.7000 0.0000 280.00017 1.14306
0.3000 0.7000 0.0000 288.00017 1.26572
0.3000 0.7000 0.0000 296.00018 1.3325
0.3000 0.7000 0.0000 304.00018 1.38631
0.3000 0.7000 0.0000 312.00019 1.53261
0.3000 0.7000 0.0000 320.00019 1.78693
0.3000 0.7000 0.0000 328.00020 2.02133
0.3000 0.7000 0.0000 336.00020 2.36743
0.3000 0.7000 0.0000 344.00021 2.67671
0.3000 0.7000 0.0000 352.00021 2.7697
0.3000 0.7000 0.0000 360.00022 3.01285
0.3000 0.7000 0.0000 368.00022 3.54816
0.3000 0.7000 0.0000 376.00023 4.15811
0.3000 0.7000 0.0000 384.00023 4.55238
0.3000 0.7000 0.0000 392.00024 4.45698
0.3000 0.7000 0.0000 400.00024 3.98082
0.3000 0.7000 0.0000 408.00025 4.27637
0.3000 0.7000 0.0000 416.00025 5.33916
0.3000 0.7000 0.0000 424.00026 5.95437
0.3000 0.7000 0.0000 432.00026 6.13393
0.3000 0.7000 0.0000 440.00027 6.0964
0.3000 0.7000 0.0000 448.00027 5.32665
0.3000 0.7000 0.0000 456.00028 4.76765
0.3000 0.7000 0.0000 464.00028 4.53652
0.3000 0.7000 0.0000 472.00029 4.57653
0.3000 0.7000 0.0000 480.00029 4.52009
0.3000 0.7000 0.0000 488.00030 4.13749
0.3000 0.7000 0.0000 496.00030 3.83507
0.3000 0.7000 0.0000 504.00031 3.67736
0.3000 0.7000 0.0000 512.00031 3.53982
0.3000 0.7000 0.0000 520.00032 3.47272
0.3000 0.7000 0.0000 528.00032 3.06255
0.3000 0.7000 0.0000 536.00033 2.58029
0.3000 0.7000 0.0000 544.00033 2.2051
0.3000 0.7000 0.0000 552.00034 1.92439
0.3000 0.7000 0.0000 560.00034 1.86098
0.3000 0.7000 0.0000 568.00035 1.89909
0.3000 0.7000 0.0000 576.00035 1.95486
0.3000 0.7000 0.0000 584.00035 1.96309
0.3000 0.7000 0.0000 592.00036 1.83469
0.3000 0.7000 0.0000 600.00036 1.77727
0.3000 0.7000 0.0000 608.00037 1.72184
0.3000 0.7000 0.0000 616.00037 1.68349
0.3000 0.7000 0.0000 624.00038 1.65168
0.3000 0.7000 0.0000 632.00038 1.58005
0.3000 0.7000 0.0000 640.00039 1.49662
0.3000 0.7000 0.0000 648.00039 1.52217
0.3000 0.7000 0.0000 656.00040 1.49888
0.3000 0.7000 0.0000 664.00040 1.46982
0.3000 0.7000 0.0000 672.00041 1.38121
0.3000 0.7000 0.0000 680.00041 1.27373
0.3000 0.7000 0.0000 688.00042 1.21234
0.3000 0.7000 0.0000 696.00042 1.14846
0.3000 0.7000 0.0000 704.00043 1.09276
0.3000 0.7000 0.0000 712.00043 1.06374
0.3000 0.7000 0.0000 720.00044 1.04502
0.3000 0.7000 0.0000 728.00044 1.03252
0.3000 0.7000 0.0000 736.00045 0.926459
0.3000 0.7000 0.0000 744.00045 0.878113
0.3000 0.7000 0.0000 752.00046 0.870692
0.3000 0.7000 0.0000 760.00046 0.844162
0.3000 0.7000 0.0000 768.00047 0.86371
0.3000 0.7000 0.0000 776.00047 0.865342
0.3000 0.7000 0.0000 784.00048 0.835957
0.3000 0.7000 0.0000 792.00048 0.823827
0.3000 0.7000 0.0000 800.00049 0.774355

0.3250 0.6750 0.0000 8.00000 0.0045084
0.3250 0.6750 0.0000 16.00001 0.0150865
0.3250 0.6750 0.0000 24.00001 0.0380739
0.3250 0.6750 0.0000 32.00002 0.0406446
0.3250 0.6750 0.0000 40.00002 0.0331177
0.3250 0.6750 0.0000 48.00003 0.0414525
0.3250 0.6750 0.0000 56.00003 0.0568173
0.3250 0.6750 0.0000 64.00004 0.0777036
0.3250 0.6750 0.0000 72.00004 0.116458
0.3250 0.6750 0.0000 80.00005 0.164366
0.3250 0.6750 0.0000 88.00005 0.189685
0.3250 0.6750 0.0000 96.00006 0.214857
0.3250 0.6750 0.0000 104.00006 0.247037
0.3250 0.6750 0.0000 112.00007 0.229799
0.3250 0.6750 0.0000 120.00007 0.21867
0.3250 0.6750 0.0000 128.00008 0.258298
0.3250 0.6750 0.0000 136.00008 0.300146
0.3250 0.6750 0.0000 144.00009 0.31304
0.3250 0.6750 0.0000 152.00009 0.317459
0.3250 0.6750 0.0000 160.00010 0.34594
0.3250 0.6750 0.0000 168.00010 0.366262
0.3250 0.6750 0.0000 176.00011 0.417541
0.3250 0.6750 0.0000 184.00011 0.501286
0.3250 0.6750 0.0000 192.00012 0.540848
0.3250 0.6750 0.0000 200.00012 0.548433
0.3250 0.6750 0.0000 208.00013 0.536315
0.3250 0.6750 0.0000 216.00013 0.529774
0.3250 0.6750 0.0000 224.00014 0.545302
0.3250 0.6750 0.0000 232.00014 0.700959
0.3250 0.6750 0.0000 240.00015 0.806658
0.3250 0.6750 0.0000 248.00015 0.757963
0.3250 0.6750 0.0000 256.00016 0.789154
0.3250 0.6750 0.0000 264.00016 0.915781
0.3250 0.6750 0.0000 272.00017 0.981765
0.3250 0.6750 0.0000 280.00017 1.00164
0.3250 0.6750 0.0000 288.00017 1.16153
0.3250 0.6750 0.0000 296.00018 1.44254
0.3250 0.6750 0.0000 304.00018 1.72619
0.3250 0.6750 0.0000 312.00019 2.04312
0.3250 0.6750 0.0000 320.00019 2.3711
0.3250 0.6750 0.0000 328.00020 2.65963
0.3250 0.6750 0.0000 336.00020 2.89066
0.3250 0.6750 0.0000 344.00021 3.38017
0.3250 0.6750 0.0000 352.00021 3.7155
0.3250 0.6750 0.0000 360.00022 3.88154
0.3250 0.6750 0.0000 368.00022 4.98772
0.3250 0.6750 0.0000 376.00023 5.89166
0.3250 0.6750 0.0000 384.00023 5.48818
0.3250 0.6750 0.0000 392.00024 4.95254
0.3250 0.6750 0.0000 400.00024 4.5655
0.3250 0.6750 0.0000 408.00025 4.69719
0.3250 0.6750 0.0000 416.00025 5.41081
0.3250 0.6750 0.0000 424.00026 6.00318
0.3250 0.6750 0.0000 432.00026 6.96997
0.3250 0.6750 0.0000 440.00027 7.33326
0.3250 0.6750 0.0000 448.00027 6.43764
0.3250 0.6750 0.0000 456.00028 5.29457
0.3250 0.6750 0.0000 464.00028 5.05881
0.3250 0.6750 0.0000 472.00029 5.30129
0.3250 0.6750 0.0000 480.00029 5.3171
0.3250 0.6750 0.0000 488.00030 5.51503
0.3250 0.6750 0.0000 496.00030 5.05094
0.3250 0.6750 0.0000 504.00031 4.28757
0.3250 0.6750 0.0000 512.00031 3.6237
0.3250 0.6750 0.0000 520.00032 3.14801
0.3250 0.6750 0.0000 528.00032 2.84837
0.3250 0.6750 0.0000 536.00033 2.60742
0.3250 0.6750 0.0000 544.00033 2.24385
0.3250 0.6750 0.0000 552.00034 2.06327
0.3250 0.6750 0.0000 560.00034 1.88779
0.3250 0.6750 0.0000 568.00035 1.73428
0.3250 0.6750 0.0000 576.00035 1.67378
0.3250 0.6750 0.0000 584.00035 1.56781
0.3250 0.6750 0.0000 592.00036 1.37683
0.3250 0.6750 0.0000 600.00036 1.27064
0.3250 0.6750 0.0000 608.00037 1.19161
0.3250 0.6750 0.0000 616.00037 1.12217
0.3250 0.6750 0.0000 624.00038 1.14589
0.3250 0.6750 0.0000 632.00038 1.0582
0.3250 0.6750 0.0000 640.00039 0.922716
0.3250 0.6750 0.0000 648.00039 0.88149
0.3250 0.6750 0.0000 656.00040 0.886571
0.3250 0.6750 0.0000 664.00040 0.821091
0.3250 0.6750 0.0000 672.00041 0.744576
0.3250 0.6750 0.0000 680.00041 0.659857
0.3250 0.6750 0.0000 688.00042 0.573565
0.3250 0.6750 0.0000 696.00042 0.54239
0.3250 0.6750 0.0000 704.00043 0.548921
0.3250 0.6750 0.0000 712.00043 0.541896
0.3250 0.6750 0.0000 720.00044 0.544743
0.3250 0.6750 0.0000 728.00044 0.550716
0.3250 0.6750 0.0000 736.00045 0.545207
0.3250 0.6750 0.0000 744.00045 0.532806
0.3250 0.6750 0.0000 752.00046 0.545255
0.3250 0.6750 0.0000 760.00046 0.530204
0.3250 0.6750 0.0000 768.00047 0.528626
0.3250 0.6750 0.0000 776.00047 0.532054
0.3250 0.6750 0.0000 784.00048 0.554138
0.3250 0.6750 0.0000 792.00048 0.547772
0.3250 0.6750 0.0000 800.00049 0.556474

0.3500 0.6500 0.0000 8.00000 0.0143907
0.3500 0.6500 0.0000 16.00001 0.0168022
0.3500 0.6500 0.0000 24.00001 0.0315915
0.3500 0.6500 0.0000 32.00002 0.0693558
0.3500 0.6500 0.0000 40.00002 0.0689093
0.3500 0.6500 0.0000 48.00003 0.0784693
0.3500 0.6500 0.0000 56.00003 0.0852822
0.3500 0.6500 0.0000 64.00004 0.109318
0.3500 0.6500 0.0000 72.00004 0.107098
0.3500 0.6500 0.0000 80.00005 0.139709
0.3500 0.6500 0.0000 88.00005 0.178257
0.3500 0.6500 0.0000 96.00006 0.223021
0.3500 0.6500 0.0000 104.00006 0.264824
0.3500 0.6500 0.0000 112.00007 0.283249
0.3500 0.6500 0.0000 120.00007 0.318489
0.3500 0.6500 0.0000 128.00008 0.364634
0.3500 0.6500 0.0000 136.00008 0.38411
0.3500 0.6500 0.0000 144.00009 0.390893
0.3500 0.6500 0.0000 152.00009 0.383238
0.3500 0.6500 0.0000 160.00010 0.360677
0.3500 0.6500 0.0000 168.00010 0.40731
0.3500 0.6500 0.0000 176.00011 0.54183
0.3500 0.6500 0.0000 184.00011 0.613627
0.3500 0.6500 0.0000 192.00012 0.67936
0.3500 0.6500 0.0000 200.00012 0.713302
0.3500 0.6500 0.0000 208.00013 0.730878
0.3500 0.6500 0.0000 216.00013 0.811657
0.3500 0.6500 0.0000 224.00014 0.880101
0.3500 0.6500 0.0000 232.00014 0.945803
0.3500 0.6500 0.0000 240.00015 1.03134
0.3500 0.6500 0.0000 248.00015 1.02946
0.3500 0.6500 0.0000 256.00016 1.06698
0.3500 0.6500 0.0000 264.00016 1.1267
0.3500 0.6500 0.0000 272.00017 1.28923
0.3500 0.6500 0.0000 280.00017 1.41375
0.3500 0.6500 0.0000 288.00017 1.52945
0.3500 0.6500 0.0000 296.00018 1.66627
0.3500 0.6500 0.0000 304.00018 1.95296
0.3500 0.6500 0.0000 312.00019 2.53396
0.3500 0.6500 0.0000 320.00019 3.09653
0.3500 0.6500 0.0000 328.00020 3.64344
0.3500 0.6500 0.0000 336.00020 4.90897
0.3500 0.6500 0.0000 344.00021 5.45549
0.3500 0.6500 0.0000 352.00021 5.09762
0.3500 0.6500 0.0000 360.00022 5.19587
0.3500 0.6500 0.0000 368.00022 6.04805
0.3500 0.6500 0.0000 376.00023 6.20574
0.3500 0.6500 0.0000 384.00023 5.87969
0.3500 0.6500 0.0000 392.00024 4.88126
0.3500 0.6500 0.0000 400.00024 4.67273
0.3500 0.6500 0.0000 408.00025 5.54764
0.3500 0.6500 0.0000 416.00025 6.9862
0.3500 0.6500 0.0000 424.00026 7.45064
0.3500 0.6500 0.0000 432.00026 7.61418
0.3500 0.6500 0.0000 440.00027 7.41777
0.3500 0.6500 0.0000 448.00027 6.44968
0.3500 0.6500 0.0000 456.00028 5.28832
0.3500 0.6500 0.0000 464.00028 4.72989
0.3500 0.6500 0.0000 472.00029 4.89814
0.3500 0.6500 0.0000 480.00029 5.40391
0.3500 0.6500 0.0000 488.00030 5.17993
0.3500 0.6500 0.0000 496.00030 4.08368
0.3500 0.6500 0.0000 504.00031 3.2776
0.3500 0.6500 0.0000 512.00031 2.7779
0.3500 0.6500 0.0000 520.00032 2.24241
0.3500 0.6500 0.0000 528.00032 1.89078
0.3500 0.6500 0.0000 536.00033 1.70196
0.3500 0.6500 0.0000 544.00033 1.56072
0.3500 0.6500 0.0000 552.00034 1.49863
0.3500 0.6500 0.0000 560.00034 1.418
0.3500 0.6500 0.0000 568.00035 1.31317
0.3500 0.6500 0.0000 576.00035 1.2836
0.3500 0.6500 0.0000 584.00035 1.35302
0.3500 0.6500 0.0000 592.00036 1.29543
0.3500 0.6500 0.0000 600.00036 1.2414
0.3500 0.6500 0.0000 608.00037 1.25456
0.3500 0.6500 0.0000 616.00037 1.13919
0.3500 0.6500 0.0000 624.00038 0.986158
0.3500 0.6500 0.0000 632.00038 0.874647
0.3500 0.6500 0.0000 640.00039 0.785815
0.3500 0.6500 0.0000 648.00039 0.703489
0.3500 0.6500 0.0000 656.00040 0.65679
0.3500 0.6500 0.0000 664.00040 0.621049
0.3500 0.6500 0.0000 672.00041 0.560583
0.3500 0.6500 0.0000 680.00041 0.530961
0.3500 0.6500 0.0000 688.00042 0.510385
0.3500 0.6500 0.0000 696.00042 0.486933
0.3500 0.6500 0.0000 704.00043 0.475838
0.3500 0.6500 0.0000 712.00043 0.485321
0.3500 0.6500 0.0000 720.00044 0.480775
0.3500 0.6500 0.0000 728.00044 0.451552
0.3500 0.6500 0.0000 736.00045 0.406344
0.3500 0.6500 0.0000 744.00045 0.378849
0.3500 0.6500 0.0000 752.00046 0.362794
0.3500 0.6500 0.0000 760.00046 0.365983
0.3500 0.6500 0.0000 768.00047 0.396538
0.3500 0.6500 0.0000 776.00047 0.408324
0.3500 0.6500 0.0000 784.00048 0.387767
0.3500 0.6500 0.0000 792.00048 0.368602
0.3500 0.6500 0.0000 800.00049 0.346197

0.3750 0.6250 0.0000 8.00000 0.008979
0.3750 0.6250 0.0000 16.00001 0.0213497
0.3750 0.6250 0.0000 24.00001 0.0545665
0.3750 0.6250 0.0000 32.00002 0.103341
0.3750 0.6250 0.0000 40.00002 0.0730067
0.3750 0.6250 0.0000 48.00003 0.0829336
0.3750 0.6250 0.0000 56.00003 0.133606
0.3750 0.6250 0.0000 64.00004 0.139784
0.3750 0.6250 0.0000 72.00004 0.186757
0.3750 0.6250 0.0000 80.00005 0.252316
0.3750 0.6250 0.0000 88.00005 0.300199
0.3750 0.6250 0.0000 96.00006 0.361645
0.3750 0.6250 0.0000 104.00006 0.48116
0.3750 0.6250 0.0000 112.00007 0.560948
0.3750 0.6250 0.0000 120.00007 0.591844
0.3750 0.6250 0.0000 128.00008 0.671138
0.3750 0.6250 0.0000 136.00008 0.648231
0.3750 0.6250 0.0000 144.00009 0.605589
0.3750 0.6250 0.0000 152.00009 0.669224
0.3750 0.6250 0.0000 160.00010 0.662091
0.3750 0.6250 0.0000 168.00010 0.641016
0.3750 0.6250 0.0000 176.00011 0.709629
0.3750 0.6250 0.0000 184.00011 0.826562
0.3750 0.6250 0.0000 192.00012 0.909963
0.3750 0.6250 0.0000 200.00012 0.993454
0.3750 0.6250 0.0000 208.00013 1.01231
0.3750 0.6250 0.0000 216.00013 1.03484
0.3750 0.6250 0.0000 224.00014 1.06141
0.3750 0.6250 0.0000 232.00014 1.09718
0.3750 0.6250 0.0000 240.00015 1.14497
0.3750 0.6250 0.0000 248.00015 1.166
0.3750 0.6250 0.0000 256.00016 1.31536
0.3750 0.6250 0.0000 264.00016 1.62362
0.3750 0.6250 0.0000 272.00017 1.87242
0.3750 0.6250 0.0000 280.00017 1.89706
0.3750 0.6250 0.0000 288.00017 2.02937
0.3750 0.6250 0.0000 296.00018 2.50718
0.3750 0.6250 0.0000 304.00018 3.26823
0.3750 0.6250 0.0000 312.00019 3.86728
0.3750 0.6250 0.0000 320.00019 4.49295
0.3750 0.6250 0.0000 328.00020 5.17214
0.3750 0.6250 0.0000 336.00020 5.3994
0.3750 0.6250 0.0000 344.00021 5.75686
0.3750 0.6250 0.0000 352.00021 6.46078
0.3750 0.6250 0.0000 360.00022 7.55705
0.3750 0.6250 0.0000 368.00022 8.05847
0.3750 0.6250 0.0000 376.00023 7.52913
0.3750 0.6250 0.0000 384.00023 6.33927
0.3750 0.6250 0.0000 392.00024 5.63007
0.3750 0.6250 0.0000 400.00024 5.78161
0.3750 0.6250 0.0000 408.00025 6.67586
0.3750 0.6250 0.0000 416.00025 7.40391
0.3750 0.6250 0.0000 424.00026 7.467
0.3750 0.6250 0.0000 432.00026 6.58273
0.3750 0.6250 0.0000 440.00027 5.37908
0.3750 0.6250 0.0000 448.00027 4.23656
0.3750 0.6250 0.0000 456.00028 3.8311
0.3750 0.6250 0.0000 464.00028 4.13713
0.3750 0.6250 0.0000 472.00029 4.23978
0.3750 0.6250 0.0000 480.00029 3.96422
0.3750 0.6250 0.0000 488.00030 3.06709
0.3750 0.6250 0.0000 496.00030 2.43683
0.3750 0.6250 0.0000 504.00031 2.15445
0.3750 0.6250 0.0000 512.00031 1.97245
0.3750 0.6250 0.0000 520.00032 1.76006
0.3750 0.6250 0.0000 528.00032 1.52952
0.3750 0.6250 0.0000 536.00033 1.26685
0.3750 0.6250 0.0000 544.00033 1.13694
0.3750 0.6250 0.0000 552.00034 1.1795
0.3750 0.6250 0.0000 560.00034 1.28325
0.3750 0.6250 0.0000 568.00035 1.2436
0.3750 0.6250 0.0000 576.00035 1.19611
0.3750 0.6250 0.0000 584.00035 1.18294
0.3750 0.6250 0.0000 592.00036 1.13745
0.3750 0.6250 0.0000 600.00036 1.09161
0.3750 0.6250 0.0000 608.00037 0.906224
0.3750 0.6250 0.0000 616.00037 0.767632
0.3750 0.6250 0.0000 624.00038 0.717704
0.3750 0.6250 0.0000 632.00038 0.700213
0.3750 0.6250 0.0000 640.00039 0.690785
0.3750 0.6250 0.0000 648.00039 0.686572
0.3750 0.6250 0.0000 656.00040 0.67032
0.3750 0.6250 0.0000 664.00040 0.609095
0.3750 0.6250 0.0000 672.00041 0.544743
0.3750 0.6250 0.0000 680.00041 0.519968
0.3750 0.6250 0.0000 688.00042 0.478563
0.3750 0.6250 0.0000 696.00042 0.421303
0.3750 0.6250 0.0000 704.00043 0.388802
0.3750 0.6250 0.0000 712.00043 0.403237
0.3750 0.6250 0.0000 720.00044 0.442279
0.3750 0.6250 0.0000 728.00044 0.443359
0.3750 0.6250 0.0000 736.00045 0.416091
0.3750 0.6250 0.0000 744.00045 0.386962
0.3750 0.6250 0.0000 752.00046 0.375798
0.3750 0.6250 0.0000 760.00046 0.36679
0.3750 0.6250 0.0000 768.00047 0.364185
0.3750 0.6250 0.0000 776.00047 0.375287
0.3750 0.6250 0.0000 784.00048 0.361587
0.3750 0.6250 0.0000 792.00048 0.337667
0.3750 0.6250 0.0000 800.00049 0.330715

0.4000 0.6000 0.0000 8.00000 0.0077753
0.4000 0.6000 0.0000 16.00001 0.0175408
0.4000 0.6000 0.0000 24.00001 0.0500919
0.4000 0.6000 0.0000 32.00002 0.0996204
0.4000 0.6000 0.0000 40.00002 0.158689
0.4000 0.6000 0.0000 48.00003 0.131818
0.4000 0.6000 0.0000 56.00003 0.0922704
0.4000 0.6000 0.0000 64.00004 0.103118
0.4000 0.6000 0.0000 72.00004 0.122303
0.4000 0.6000 0.0000 80.00005 0.160446
0.4000 0.6000 0.0000 88.00005 0.189498
0.4000 0.6000 0.0000 96.00006 0.215848
0.4000 0.6000 0.0000 104.00006 0.259794
0.4000 0.6000 0.0000 112.00007 0.319139
0.4000 0.6000 0.0000 120.00007 0.414826
0.4000 0.6000 0.0000 128.00008 0.478104
0.4000 0.6000 0.0000 136.00008 0.474979
0.4000 0.6000 0.0000 144.00009 0.544234
0.4000 0.6000 0.0000 152.00009 0.68914
0.4000 0.6000 0.0000 160.00010 0.924009
0.4000 0.6000 0.0000 168.00010 1.0464
0.4000 0.6000 0.0000 176.00011 1.18073
0.4000 0.6000 0.0000 184.00011 1.27409
0.4000 0.6000 0.0000 192.00012 1.33504
0.4000 0.6000 0.0000 200.00012 1.4027
0.4000 0.6000 0.0000 208.00013 1.51682
0.4000 0.6000 0.0000 216.00013 1.69719
0.4000 0.6000 0.0000 224.00014 1.86089
0.4000 0.6000 0.0000 232.00014 2.15711
0.4000 0.6000 0.0000 240.00015 2.471
0.4000 0.6000 0.0000 248.00015 2.93769
0.4000 0.6000 0.0000 256.00016 3.69467
0.4000 0.6000 0.0000 264.00016 3.97843
0.4000 0.6000 0.0000 272.00017 4.10228
0.4000 0.6000 0.0000 280.00017 4.55274
0.4000 0.6000 0.0000 288.00017 4.64082
0.4000 0.6000 0.0000 296.00018 4.72582
0.4000 0.6000 0.0000 304.00018 5.02148
0.4000 0.6000 0.0000 312.00019 5.14396
0.4000 0.6000 0.0000 320.00019 4.93062
0.4000 0.6000 0.0000 328.00020 5.09192
0.4000 0.6000 0.0000 336.00020 5.5815
0.4000 0.6000 0.0000 344.00021 6.24837
0.4000 0.6000 0.0000 352.00021 6.80813
0.4000 0.6000 0.0000 360.00022 7.3738
0.4000 0.6000 0.0000 368.00022 8.40657
0.4000 0.6000 0.0000 376.00023 7.30388
0.4000 0.6000 0.0000 384.00023 5.58242
0.4000 0.6000 0.0000 392.00024 4.93992
0.4000 0.6000 0.0000 400.00024 5.12876
0.4000 0.6000 0.0000 408.00025 5.5426
0.4000 0.6000 0.0000 416.00025 5.3547
0.4000 0.6000 0.0000 424.00026 5.1402
0.4000 0.6000 0.0000 432.00026 4.56824
0.4000 0.6000 0.0000 440.00027 3.84144
0.4000 0.6000 0.0000 448.00027 3.46916
0.4000 0.6000 0.0000 456.00028 3.46899
0.4000 0.6000 0.0000 464.00028 3.16476
0.4000 0.6000 0.0000 472.00029 2.7989
0.4000 0.6000 0.0000 480.00029 2.52735
0.4000 0.6000 0.0000 488.00030 2.11965
0.4000 0.6000 0.0000 496.00030 1.83798
0.4000 0.6000 0.0000 504.00031 1.69305
0.4000 0.6000 0.0000 512.00031 1.53701
0.4000 0.6000 0.0000 520.00032 1.40779
0.4000 0.6000 0.0000 528.00032 1.24806
0.4000 0.6000 0.0000 536.00033 1.08574
0.4000 0.6000 0.0000 544.00033 1.02336
0.4000 0.6000 0.0000 552.00034 1.1115
0.4000 0.6000 0.0000 560.00034 1.26567
0.4000 0.6000 0.0000 568.00035 1.19673
0.4000 0.6000 0.0000 576.00035 1.07179
0.4000 0.6000 0.0000 584.00035 0.999525
0.4000 0.6000 0.0000 592.00036 0.901342
0.4000 0.6000 0.0000 600.00036 0.791872
0.4000 0.6000 0.0000 608.00037 0.7877
0.4000 0.6000 0.0000 616.00037 0.773995
0.4000 0.6000 0.0000 624.00038 0.749373
0.4000 0.6000 0.0000 632.00038 0.730918
0.4000 0.6000 0.0000 640.00039 0.693136
0.4000 0.6000 0.0000 648.00039 0.623522
0.4000 0.6000 0.0000 656.00040 0.535972
0.4000 0.6000 0.0000 664.00040 0.48362
0.4000 0.6000 0.0000 672.00041 0.470071
0.4000 0.6000 0.0000 680.00041 0.461183
0.4000 0.6000 0.0000 688.00042 0.440794
0.4000 0.6000 0.0000 696.00042 0.42161
0.4000 0.6000 0.0000 704.00043 0.407035
0.4000 0.6000 0.0000 712.00043 0.412585
0.4000 0.6000 0.0000 720.00044 0.425159
0.4000 0.6000 0.0000 728.00044 0.464684
0.4000 0.6000 0.0000 736.00045 0.473546
0.4000 0.6000 0.0000 744.00045 0.448505
0.4000 0.6000 0.0000 752.00046 0.399741
0.4000 0.6000 0.0000 760.00046 0.364813
0.4000 0.6000 0.0000 768.00047 0.325471
0.4000 0.6000 0.0000 776.00047 0.305242
0.4000 0.6000 0.0000 784.00048 0.303464
0.4000 0.6000 0.0000 792.00048 0.305998
0.4000 0.6000 0.0000 800.00049 0.311577

0.4250 0.5750 0.0000 8.00000 0.0091601
0.4250 0.5750 0.0000 16.00001 0.0254848
0.4250 0.5750 0.0000 24.00001 0.0394385
0.4250 0.5750 0.0000 32.00002 0.100033
0.4250 0.5750 0.0000 40.00002 0.125272
0.4250 0.5750 0.0000 48.00003 0.145847
0.4250 0.5750 0.0000 56.00003 0.184152
0.4250 0.5750 0.0000 64.00004 0.165148
0.4250 0.5750 0.0000 72.00004 0.147568
0.4250 0.5750 0.0000 80.00005 0.153285
0.4250 0.5750 0.0000 88.00005 0.173343
0.4250 0.5750 0.0000 96.00006 0.212714
0.4250 0.5750 0.0000 104.00006 0.26366
0.4250 0.5750 0.0000 112.00007 0.350779
0.4250 0.5750 0.0000 120.00007 0.463943
0.4250 0.5750 0.0000 128.00008 0.546347
0.4250 0.5750 0.0000 136.00008 0.56986
0.4250 0.5750 0.0000 144.00009 0.612084
0.4250 0.5750 0.0000 152.00009 0.764623
0.4250 0.5750 0.0000 160.00010 1.10632
0.4250 0.5750 0.0000 168.00010 1.31913
0.4250 0.5750 0.0000 176.00011 1.30838
0.4250 0.5750 0.0000 184.00011 1.21074
0.4250 0.5750 0.0000 192.00012 1.18637
0.4250 0.5750 0.0000 200.00012 1.23056
0.4250 0.5750 0.0000 208.00013 1.38917
0.4250 0.5750 0.0000 216.00013 1.60737
0.4250 0.5750 0.0000 224.00014 1.92297
0.4250 0.5750 0.0000 232.00014 2.40326
0.4250 0.5750 0.0000 240.00015 2.73215
0.4250 0.5750 0.0000 248.00015 2.99345
0.4250 0.5750 0.0000 256.00016 3.53141
0.4250 0.5750 0.0000 264.00016 4.73849
0.4250 0.5750 0.0000 272.00017 5.62226
0.4250 0.5750 0.0000 280.00017 6.49332
0.4250 0.5750 0.0000 288.00017 7.48598
0.4250 0.5750 0.0000 296.00018 8.83512
0.4250 0.5750 0.0000 304.00018 8.9326
0.4250 0.5750 0.0000 312.00019 8.68917
0.4250 0.5750 0.0000 320.00019 9.18833
0.4250 0.5750 0.0000 328.00020 9.75347
0.4250 0.5750 0.0000 336.00020 10.9669
0.4250 0.5750 0.0000 344.00021 10.785
0.4250 0.5750 0.0000 352.00021 8.50652
0.4250 0.5750 0.0000 360.00022 5.9808
0.4250 0.5750 0.0000 368.00022 4.64012
0.4250 0.5750 0.0000 376.00023 3.59389
0.4250 0.5750 0.0000 384.00023 2.96192
0.4250 0.5750 0.0000 392.00024 2.76107
0.4250 0.5750 0.0000 400.00024 2.71651
0.4250 0.5750 0.0000 408.00025 2.43519
0.4250 0.5750 0.0000 416.00025 2.39098
0.4250 0.5750 0.0000 424.00026 2.21754
0.4250 0.5750 0.0000 432.00026 2.1404
0.4250 0.5750 0.0000 440.00027 2.15341
0.4250 0.5750 0.0000 448.00027 2.13699
0.4250 0.5750 0.0000 456.00028 2.11103
0.4250 0.5750 0.0000 464.00028 2.04522
0.4250 0.5750 0.0000 472.00029 1.8758
0.4250 0.5750 0.0000 480.00029 1.76473
0.4250 0.5750 0.0000 488.00030 1.68492
0.4250 0.5750 0.0000 496.00030 1.54972
0.4250 0.5750 0.0000 504.00031 1.50057
0.4250 0.5750 0.0000 512.00031 1.44101
0.4250 0.5750 0.0000 520.00032 1.3742
0.4250 0.5750 0.0000 528.00032 1.27046
0.4250 0.5750 0.0000 536.00033 1.1918
0.4250 0.5750 0.0000 544.00033 1.15952
0.4250 0.5750 0.0000 552.00034 1.12535
0.4250 0.5750 0.0000 560.00034 1.15516
0.4250 0.5750 0.0000 568.00035 1.08313
0.4250 0.5750 0.0000 576.00035 0.968122
0.4250 0.5750 0.0000 584.00035 0.90881
0.4250 0.5750 0.0000 592.00036 0.891909
0.4250 0.5750 0.0000 600.00036 0.801293
0.4250 0.5750 0.0000 608.00037 0.725147
0.4250 0.5750 0.0000 616.00037 0.679114
0.4250 0.5750 0.0000 624.00038 0.63852
0.4250 0.5750 0.0000 632.00038 0.626051
0.4250 0.5750 0.0000 640.00039 0.610954
0.4250 0.5750 0.0000 648.00039 0.542858
0.4250 0.5750 0.0000 656.00040 0.491858
0.4250 0.5750 0.0000 664.00040 0.461992
0.4250 0.5750 0.0000 672.00041 0.447078
0.4250 0.5750 0.0000 680.00041 0.439536
0.4250 0.5750 0.0000 688.00042 0.444635
0.4250 0.5750 0.0000 696.00042 0.426135
0.4250 0.5750 0.0000 704.00043 0.41822
0.4250 0.5750 0.0000 712.00043 0.428827
0.4250 0.5750 0.0000 720.00044 0.438146
0.4250 0.5750 0.0000 728.00044 0.461918
0.4250 0.5750 0.0000 736.00045 0.454511
0.4250 0.5750 0.0000 744.00045 0.432901
0.4250 0.5750 0.0000 752.00046 0.438335
0.4250 0.5750 0.0000 760.00046 0.420026
0.4250 0.5750 0.0000 768.00047 0.385887
0.4250 0.5750 0.0000 776.00047 0.357044
0.4250 0.5750 0.0000 784.00048 0.34236
0.4250 0.5750 0.0000 792.00048 0.333325
0.4250 0.5750 0.0000 800.00049 0.322187

0.4500 0.5500 0.0000 8.00000 0.0109603
0.4500 0.5500 0.0000 16.00001 0.0520343
0.4500 0.5500 0.0000 24.00001 0.0890427
0.4500 0.5500 0.0000 32.00002 0.102801
0.4500 0.5500 0.0000 40.00002 0.125627
0.4500 0.5500 0.0000 48.00003 0.181451
0.4500 0.5500 0.0000 56.00003 0.204506
0.4500 0.5500 0.0000 64.00004 0.188942
0.4500 0.5500 0.0000 72.00004 0.171543
0.4500 0.5500 0.0000 80.00005 0.180303
0.4500 0.5500 0.0000 88.00005 0.207099
0.4500 0.5500 0.0000 96.00006 0.263672
0.4500 0.5500 0.0000 104.00006 0.316785
0.4500 0.5500 0.0000 112.00007 0.373641
0.4500 0.5500 0.0000 120.00007 0.452191
0.4500 0.5500 0.0000 128.00008 0.532378
0.4500 0.5500 0.0000 136.00008 0.614421
0.4500 0.5500 0.0000 144.00009 0.728815
0.4500 0.5500 0.0000 152.00009 0.848838
0.4500 0.5500 0.0000 160.00010 1.12673
0.4500 0.5500 0.0000 168.00010 1.44584
0.4500 0.5500 0.0000 176.00011 1.62362
0.4500 0.5500 0.0000 184.00011 1.56089
0.4500 0.5500 0.0000 192.00012 1.36536
0.4500 0.5500 0.0000 200.00012 1.34836
0.4500 0.5500 0.0000 208.00013 1.57859
0.4500 0.5500 0.0000 216.00013 2.02195
0.4500 0.5500 0.0000 224.00014 2.4179
0.4500 0.5500 0.0000 232.00014 2.76491
0.4500 0.5500 0.0000 240.00015 3.38599
0.4500 0.5500 0.0000 248.00015 4.20315
0.4500 0.5500 0.0000 256.00016 5.47179
0.4500 0.5500 0.0000 264.00016 6.73377
0.4500 0.5500 0.0000 272.00017 8.32454
0.4500 0.5500 0.0000 280.00017 9.26013
0.4500 0.5500 0.0000 288.00017 8.35387
0.4500 0.5500 0.0000 296.00018 7.8803
0.4500 0.5500 0.0000 304.00018 8.65361
0.4500 0.5500 0.0000 312.00019 9.60604
0.4500 0.5500 0.0000 320.00019 9.94293
0.4500 0.5500 0.0000 328.00020 9.73269
0.4500 0.5500 0.0000 336.00020 9.19215
0.4500 0.5500 0.0000 344.00021 9.04018
0.4500 0.5500 0.0000 352.00021 7.7905
0.4500 0.5500 0.0000 360.00022 6.22224
0.4500 0.5500 0.0000 368.00022 5.03142
0.4500 0.5500 0.0000 376.00023 3.92853
0.4500 0.5500 0.0000 384.00023 3.17133
0.4500 0.5500 0.0000 392.00024 3.01868
0.4500 0.5500 0.0000 400.00024 2.76725
0.4500 0.5500 0.0000 408.00025 2.496
0.4500 0.5500 0.0000 416.00025 2.23303
0.4500 0.5500 0.0000 424.00026 2.00661
0.4500 0.5500 0.0000 432.00026 1.99827
0.4500 0.5500 0.0000 440.00027 2.03124
0.4500 0.5500 0.0000 448.00027 1.87718
0.4500 0.5500 0.0000 456.00028 1.80829
0.4500 0.5500 0.0000 464.00028 1.69174
0.4500 0.5500 0.0000 472.00029 1.44247
0.4500 0.5500 0.0000 480.00029 1.2364
0.4500 0.5500 0.0000 488.00030 1.02258
0.4500 0.5500 0.0000 496.00030 0.817965
0.4500 0.5500 0.0000 504.00031 0.728893
0.4500 0.5500 0.0000 512.00031 0.7436
0.4500 0.5500 0.0000 520.00032 0.783603
0.4500 0.5500 0.0000 528.00032 0.815891
0.4500 0.5500 0.0000 536.00033 0.796075
0.4500 0.5500 0.0000 544.00033 0.744438
0.4500 0.5500 0.0000 552.00034 0.732015
0.4500 0.5500 0.0000 560.00034 0.742567
0.4500 0.5500 0.0000 568.00035 0.762872
0.4500 0.5500 0.0000 576.00035 0.694347
0.4500 0.5500 0.0000 584.00035 0.60754
0.4500 0.5500 0.0000 592.00036 0.597148
0.4500 0.5500 0.0000 600.00036 0.600133
0.4500 0.5500 0.0000 608.00037 0.570689
0.4500 0.5500 0.0000 616.00037 0.567326
0.4500 0.5500 0.0000 624.00038 0.579319
0.4500 0.5500 0.0000 632.00038 0.557678
0.4500 0.5500 0.0000 640.00039 0.518303
0.4500 0.5500 0.0000 648.00039 0.477538
0.4500 0.5500 0.0000 656.00040 0.458812
0.4500 0.5500 0.0000 664.00040 0.44315
0.4500 0.5500 0.0000 672.00041 0.447126
0.4500 0.5500 0.0000 680.00041 0.437413
0.4500 0.5500 0.0000 688.00042 0.429918
0.4500 0.5500 0.0000 696.00042 0.430399
0.4500 0.5500 0.0000 704.00043 0.450529
0.4500 0.5500 0.0000 712.00043 0.446196
0.4500 0.5500 0.0000 720.00044 0.447579
0.4500 0.5500 0.0000 728.00044 0.477561
0.4500 0.5500 0.0000 736.00045 0.457466
0.4500 0.5500 0.0000 744.00045 0.406435
0.4500 0.5500 0.0000 752.00046 0.38841
0.4500 0.5500 0.0000 760.00046 0.375802
0.4500 0.5500 0.0000 768.00047 0.345284
0.4500 0.5500 0.0000 776.00047 0.326837
0.4500 0.5500 0.0000 784.00048 0.333886
0.4500 0.5500 0.0000 792.00048 0.341417
0.4500 0.5500 0.0000 800.00049 0.320918

0.4750 0.5250 0.0000 8.00000 0.0241909
0.4750 0.5250 0.0000 16.00001 0.0384319
0.4750 0.5250 0.0000 24.00001 0.0423863
0.4750 0.5250 0.0000 32.00002 0.0717282
0.4750 0.5250 0.0000 40.00002 0.167714
0.4750 0.5250 0.0000 48.00003 0.161258
0.4750 0.5250 0.0000 56.00003 0.215347
0.4750 0.5250 0.0000 64.00004 0.235713
0.4750 0.5250 0.0000 72.00004 0.172769
0.4750 0.5250 0.0000 80.00005 0.18443
0.4750 0.5250 0.0000 88.00005 0.233661
0.4750 0.5250 0.0000 96.00006 0.309333
0.4750 0.5250 0.0000 104.00006 0.377887
0.4750 0.5250 0.0000 112.00007 0.430782
0.4750 0.5250 0.0000 120.00007 0.465355
0.4750 0.5250 0.0000 128.00008 0.488449
0.4750 0.5250 0.0000 136.00008 0.610888
0.4750 0.5250 0.0000 144.00009 0.791465
0.4750 0.5250 0.0000 152.00009 0.982777
0.4750 0.5250 0.0000 160.00010 1.23508
0.4750 0.5250 0.0000 168.00010 1.72574
0.4750 0.5250 0.0000 176.00011 1.96995
0.4750 0.5250 0.0000 184.00011 2.06846
0.4750 0.5250 0.0000 192.00012 1.98474
0.4750 0.5250 0.0000 200.00012 1.93236
0.4750 0.5250 0.0000 208.00013 2.06375
0.4750 0.5250 0.0000 216.00013 2.64133
0.4750 0.5250 0.0000 224.00014 3.28214
0.4750 0.5250 0.0000 232.00014 4.23328
0.4750 0.5250 0.0000 240.00015 5.36181
0.4750 0.5250 0.0000 248.00015 5.72108
0.4750 0.5250 0.0000 256.00016 6.23903
0.4750 0.5250 0.0000 264.00016 6.41942
0.4750 0.5250 0.0000 272.00017 6.0387
0.4750 0.5250 0.0000 280.00017 6.10773
0.4750 0.5250 0.0000 288.00017 7.14593
0.4750 0.5250 0.0000 296.00018 9.14782
0.4750 0.5250 0.0000 304.00018 10.0099
0.4750 0.5250 0.0000 312.00019 10.4377
0.4750 0.5250 0.0000 320.00019 10.2603
0.4750 0.5250 0.0000 328.00020 10.6198
0.4750 0.5250 0.0000 336.00020 10.2674
0.4750 0.5250 0.0000 344.00021 8.47945
0.4750 0.5250 0.0000 352.00021 6.86837
0.4750 0.5250 0.0000 360.00022 5.44264
0.4750 0.5250 0.0000 368.00022 4.77043
0.4750 0.5250 0.0000 376.00023 4.06492
0.4750 0.5250 0.0000 384.00023 3.0981
0.4750 0.5250 0.0000 392.00024 2.78589
0.4750 0.5250 0.0000 400.00024 2.55744
0.4750 0.5250 0.0000 408.00025 1.9542
0.4750 0.5250 0.0000 416.00025 1.68819
0.4750 0.5250 0.0000 424.00026 1.62324
0.4750 0.5250 0.0000 432.00026 1.7968
0.4750 0.5250 0.0000 440.00027 1.91771
0.4750 0.5250 0.0000 448.00027 1.78171
0.4750 0.5250 0.0000 456.00028 1.59857
0.4750 0.5250 0.0000 464.00028 1.5021
0.4750 0.5250 0.0000 472.00029 1.42987
0.4750 0.5250 0.0000 480.00029 1.32439
0.4750 0.5250 0.0000 488.00030 1.06891
0.4750 0.5250 0.0000 496.00030 0.870317
0.4750 0.5250 0.0000 504.00031 0.826572
0.4750 0.5250 0.0000 512.00031 0.866114
0.4750 0.5250 0.0000 520.00032 0.899187
0.4750 0.5250 0.0000 528.00032 0.838432
0.4750 0.5250 0.0000 536.00033 0.799886
0.4750 0.5250 0.0000 544.00033 0.765166
0.4750 0.5250 0.0000 552.00034 0.71132
0.4750 0.5250 0.0000 560.00034 0.646327
0.4750 0.5250 0.0000 568.00035 0.593333
0.4750 0.5250 0.0000 576.00035 0.566755
0.4750 0.5250 0.0000 584.00035 0.573287
0.4750 0.5250 0.0000 592.00036 0.550703
0.4750 0.5250 0.0000 600.00036 0.488701
0.4750 0.5250 0.0000 608.00037 0.414935
0.4750 0.5250 0.0000 616.00037 0.397485
0.4750 0.5250 0.0000 624.00038 0.404827
0.4750 0.5250 0.0000 632.00038 0.405146
0.4750 0.5250 0.0000 640.00039 0.391536
0.4750 0.5250 0.0000 648.00039 0.394664
0.4750 0.5250 0.0000 656.00040 0.421047
0.4750 0.5250 0.0000 664.00040 0.425775
0.4750 0.5250 0.0000 672.00041 0.39263
0.4750 0.5250 0.0000 680.00041 0.371461
0.4750 0.5250 0.0000 688.00042 0.359041
0.4750 0.5250 0.0000 696.00042 0.349201
0.4750 0.5250 0.0000 704.00043 0.341195
0.4750 0.5250 0.0000 712.00043 0.32424
0.4750 0.5250 0.0000 720.00044 0.32282
0.4750 0.5250 0.0000 728.00044 0.343532
0.4750 0.5250 0.0000 736.00045 0.341041
0.4750 0.5250 0.0000 744.00045 0.322066
0.4750 0.5250 0.0000 752.00046 0.314433
0.4750 0.5250 0.0000 760.00046 0.324366
0.4750 0.5250 0.0000 768.00047 0.31646
0.4750 0.5250 0.0000 776.00047 0.289223
0.4750 0.5250 0.0000 784.00048 0.27559
0.4750 0.5250 0.0000 792.00048 0.293685
0.4750 0.5250 0.0000 800.00049 0.313927

0.5000 0.5000 0.0000 8.00000 0.0093751
0.5000 0.5000 0.0000 16.00001 0.0229485
0.5000 0.5000 0.0000 24.00001 0.0466569
0.5000 0.5000 0.0000 32.00002 0.138542
0.5000 0.5000 0.0000 40.00002 0.0950565
0.5000 0.5000 0.0000 48.00003 0.171145
0.5000 0.5000 0.0000 56.00003 0.283325
0.5000 0.5000 0.0000 64.00004 0.309962
0.5000 0.5000 0.0000 72.00004 0.240644
0.5000 0.5000 0.0000 80.00005 0.255445
0.5000 0.5000 0.0000 88.00005 0.279587
0.5000 0.5000 0.0000 96.00006 0.355224
0.5000 0.5000 0.0000 104.00006 0.451423
0.5000 0.5000 0.0000 112.00007 0.444942
0.5000 0.5000 0.0000 120.00007 0.435729
0.5000 0.5000 0.0000 128.00008 0.477312
0.5000 0.5000 0.0000 136.00008 0.581434
0.5000 0.5000 0.0000 144.00009 0.736002
0.5000 0.5000 0.0000 152.00009 0.96314
0.5000 0.5000 0.0000 160.00010 1.30816
0.5000 0.5000 0.0000 168.00010 1.47477
0.5000 0.5000 0.0000 176.00011 1.9171
0.5000 0.5000 0.0000 184.00011 2.36682
0.5000 0.5000 0.0000 192.00012 2.25867
0.5000 0.5000 0.0000 200.00012 2.11774
0.5000 0.5000 0.0000 208.00013 2.50699
0.5000 0.5000 0.0000 216.00013 3.26242
0.5000 0.5000 0.0000 224.00014 3.50206
0.5000 0.5000 0.0000 232.00014 3.58725
0.5000 0.5000 0.0000 240.00015 4.41546
0.5000 0.5000 0.0000 248.00015 6.04319
0.5000 0.5000 0.0000 256.00016 6.3869
0.5000 0.5000 0.0000 264.00016 5.36518
0.5000 0.5000 0.0000 272.00017 5.72037
0.5000 0.5000 0.0000 280.00017 7.57606
0.5000 0.5000 0.0000 288.00017 10.1822
0.5000 0.5000 0.0000 296.00018 12.0399
0.5000 0.5000 0.0000 304.00018 10.7258
0.5000 0.5000 0.0000 312.00019 8.91997
0.5000 0.5000 0.0000 320.00019 9.14482
0.5000 0.5000 0.0000 328.00020 8.78499
0.5000 0.5000 0.0000 336.00020 8.87162
0.5000 0.5000 0.0000 344.00021 7.83285
0.5000 0.5000 0.0000 352.00021 6.27789
0.5000 0.5000 0.0000 360.00022 6.30438
0.5000 0.5000 0.0000 368.00022 5.53308
0.5000 0.5000 0.0000 376.00023 3.84633
0.5000 0.5000 0.0000 384.00023 2.91319
0.5000 0.5000 0.0000 392.00024 2.29297
0.5000 0.5000 0.0000 400.00024 2.04401
0.5000 0.5000 0.0000 408.00025 1.92646
0.5000 0.5000 0.0000 416.00025 1.93147
0.5000 0.5000 0.0000 424.00026 1.8777
0.5000 0.5000 0.0000 432.00026 2.13045
0.5000 0.5000 0.0000 440.00027 2.19386
0.5000 0.5000 0.0000 448.00027 1.84279
0.5000 0.5000 0.0000 456.00028 1.49228
0.5000 0.5000 0.0000 464.00028 1.38184
0.5000 0.5000 0.0000 472.00029 1.30371
0.5000 0.5000 0.0000 480.00029 1.08042
0.5000 0.5000 0.0000 488.00030 0.906051
0.5000 0.5000 0.0000 496.00030 0.899835
0.5000 0.5000 0.0000 504.00031 0.924964
0.5000 0.5000 0.0000 512.00031 0.889162
0.5000 0.5000 0.0000 520.00032 0.89933
0.5000 0.5000 0.0000 528.00032 0.85539
0.5000 0.5000 0.0000 536.00033 0.728516
0.5000 0.5000 0.0000 544.00033 0.67872
0.5000 0.5000 0.0000 552.00034 0.64325
0.5000 0.5000 0.0000 560.00034 0.628364
0.5000 0.5000 0.0000 568.00035 0.581202
0.5000 0.5000 0.0000 576.00035 0.540535
0.5000 0.5000 0.0000 584.00035 0.521294
0.5000 0.5000 0.0000 592.00036 0.508642
0.5000 0.5000 0.0000 600.00036 0.530643
0.5000 0.5000 0.0000 608.00037 0.472729
0.5000 0.5000 0.0000 616.00037 0.404958
0.5000 0.5000 0.0000 624.00038 0.411861
0.5000 0.5000 0.0000 632.00038 0.437805
0.5000 0.5000 0.0000 640.00039 0.455699
0.5000 0.5000 0.0000 648.00039 0.464431
0.5000 0.5000 0.0000 656.00040 0.425126
0.5000 0.5000 0.0000 664.00040 0.386249
0.5000 0.5000 0.0000 672.00041 0.382256
0.5000 0.5000 0.0000 680.00041 0.325577
0.5000 0.5000 0.0000 688.00042 0.28733
0.5000 0.5000 0.0000 696.00042 0.292571
0.5000 0.5000 0.0000 704.00043 0.300566
0.5000 0.5000 0.0000 712.00043 0.309719
0.5000 0.5000 0.0000 720.00044 0.327106
0.5000 0.5000 0.0000 728.00044 0.345973
0.5000 0.5000 0.0000 736.00045 0.33423
0.5000 0.5000 0.0000 744.00045 0.318359
0.5000 0.5000 0.0000 752.00046 0.314013
0.5000 0.5000 0.0000 760.00046 0.313375
0.5000 0.5000 0.0000 768.00047 0.30253
0.5000 0.5000 0.0000 776.00047 0.27604
0.5000 0.5000 0.0000 784.00048 0.263252
0.5000 0.5000 0.0000 792.00048 0.286622
0.5000 0.5000 0.0000 800.00049 0.319526

