0.0000 0.0000 1.0000 8.00000 0.0005812
0.0000 0.0000 1.0000 16.00001 0.0018432
0.0000 0.0000 1.0000 24.00001 0.004195
0.0000 0.0000 1.0000 32.00002 0.008195
0.0000 0.0000 1.0000 40.00002 0.0231292
0.0000 0.0000 1.0000 48.00003 0.0160993
0.0000 0.0000 1.0000 56.00003 0.0235942
0.0000 0.0000 1.0000 64.00004 0.0430257
0.0000 0.0000 1.0000 72.00004 0.0261659
0.0000 0.0000 1.0000 80.00005 0.0257554
0.0000 0.0000 1.0000 88.00005 0.0345761
0.0000 0.0000 1.0000 96.00006 0.0438101
0.0000 0.0000 1.0000 104.00006 0.0681792
0.0000 0.0000 1.0000 112.00007 0.117258
0.0000 0.0000 1.0000 120.00007 0.137681
0.0000 0.0000 1.0000 128.00008 0.0931383
0.0000 0.0000 1.0000 136.00008 0.0841138
0.0000 0.0000 1.0000 144.00009 0.119102
0.0000 0.0000 1.0000 152.00009 0.150512
0.0000 0.0000 1.0000 160.00010 0.127503
0.0000 0.0000 1.0000 168.00010 0.0842328
0.0000 0.0000 1.0000 176.00011 0.0630562
0.0000 0.0000 1.0000 184.00011 0.0578022
0.0000 0.0000 1.0000 192.00012 0.0607227
0.0000 0.0000 1.0000 200.00012 0.0662267
0.0000 0.0000 1.0000 208.00013 0.068019
0.0000 0.0000 1.0000 216.00013 0.0747096
0.0000 0.0000 1.0000 224.00014 0.0891445
0.0000 0.0000 1.0000 232.00014 0.115058
0.0000 0.0000 1.0000 240.00015 0.142845
0.0000 0.0000 1.0000 248.00015 0.175639
0.0000 0.0000 1.0000 256.00016 0.286764
0.0000 0.0000 1.0000 264.00016 0.388151
0.0000 0.0000 1.0000 272.00017 0.423265
0.0000 0.0000 1.0000 280.00017 0.395937
0.0000 0.0000 1.0000 288.00017 0.240056
0.0000 0.0000 1.0000 296.00018 0.181645
0.0000 0.0000 1.0000 304.00018 0.180448
0.0000 0.0000 1.0000 312.00019 0.196498
0.0000 0.0000 1.0000 320.00019 0.22386
0.0000 0.0000 1.0000 328.00020 0.242609
0.0000 0.0000 1.0000 336.00020 0.319385
0.0000 0.0000 1.0000 344.00021 0.300716
0.0000 0.0000 1.0000 352.00021 0.198608
0.0000 0.0000 1.0000 360.00022 0.161788
0.0000 0.0000 1.0000 368.00022 0.167236
0.0000 0.0000 1.0000 376.00023 0.174682
0.0000 0.0000 1.0000 384.00023 0.213872
0.0000 0.0000 1.0000 392.00024 0.265235
0.0000 0.0000 1.0000 400.00024 0.32209
0.0000 0.0000 1.0000 408.00025 0.460903
0.0000 0.0000 1.0000 416.00025 0.792766
0.0000 0.0000 1.0000 424.00026 0.987075
0.0000 0.0000 1.0000 432.00026 0.666608
0.0000 0.0000 1.0000 440.00027 0.578711
0.0000 0.0000 1.0000 448.00027 0.750347
0.0000 0.0000 1.0000 456.00028 0.716928
0.0000 0.0000 1.0000 464.00028 0.504885
0.0000 0.0000 1.0000 472.00029 0.322917
0.0000 0.0000 1.0000 480.00029 0.257447
0.0000 0.0000 1.0000 488.00030 0.243825
0.0000 0.0000 1.0000 496.00030 0.262515
0.0000 0.0000 1.0000 504.00031 0.326847
0.0000 0.0000 1.0000 512.00031 0.379661
0.0000 0.0000 1.0000 520.00032 0.493042
0.0000 0.0000 1.0000 528.00032 0.617697
0.0000 0.0000 1.0000 536.00033 0.694632
0.0000 0.0000 1.0000 544.00033 0.643475
0.0000 0.0000 1.0000 552.00034 0.728257
0.0000 0.0000 1.0000 560.00034 0.866219
0.0000 0.0000 1.0000 568.00035 1.11498
0.0000 0.0000 1.0000 576.00035 1.74995
0.0000 0.0000 1.0000 584.00035 2.44796
0.0000 0.0000 1.0000 592.00036 2.16313
0.0000 0.0000 1.0000 600.00036 1.77585
0.0000 0.0000 1.0000 608.00037 1.29714
0.0000 0.0000 1.0000 616.00037 1.06148
0.0000 0.0000 1.0000 624.00038 1.11861
0.0000 0.0000 1.0000 632.00038 1.51006
0.0000 0.0000 1.0000 640.00039 2.05011
0.0000 0.0000 1.0000 648.00039 2.32758
0.0000 0.0000 1.0000 656.00040 2.58727
0.0000 0.0000 1.0000 664.00040 2.3942
0.0000 0.0000 1.0000 672.00041 2.15821
0.0000 0.0000 1.0000 680.00041 1.95174
0.0000 0.0000 1.0000 688.00042 1.72629
0.0000 0.0000 1.0000 696.00042 1.62992
0.0000 0.0000 1.0000 704.00043 1.96941
0.0000 0.0000 1.0000 712.00043 2.64512
0.0000 0.0000 1.0000 720.00044 2.83823
0.0000 0.0000 1.0000 728.00044 2.08929
0.0000 0.0000 1.0000 736.00045 1.60037
0.0000 0.0000 1.0000 744.00045 1.46798
0.0000 0.0000 1.0000 752.00046 1.7842
0.0000 0.0000 1.0000 760.00046 2.4949
0.0000 0.0000 1.0000 768.00047 2.19799
0.0000 0.0000 1.0000 776.00047 1.641
0.0000 0.0000 1.0000 784.00048 1.70787
0.0000 0.0000 1.0000 792.00048 1.97384
0.0000 0.0000 1.0000 800.00049 1.79611

0.0250 0.0250 0.9750 8.00000 0.0051426
0.0250 0.0250 0.9750 16.00001 0.0065544
0.0250 0.0250 0.9750 24.00001 0.0137987
0.0250 0.0250 0.9750 32.00002 0.014507
0.0250 0.0250 0.9750 40.00002 0.0303118
0.0250 0.0250 0.9750 48.00003 0.0315227
0.0250 0.0250 0.9750 56.00003 0.0337597
0.0250 0.0250 0.9750 64.00004 0.0382693
0.0250 0.0250 0.9750 72.00004 0.0381444
0.0250 0.0250 0.9750 80.00005 0.0400764
0.0250 0.0250 0.9750 88.00005 0.0537079
0.0250 0.0250 0.9750 96.00006 0.0695486
0.0250 0.0250 0.9750 104.00006 0.0895395
0.0250 0.0250 0.9750 112.00007 0.115577
0.0250 0.0250 0.9750 120.00007 0.115123
0.0250 0.0250 0.9750 128.00008 0.124487
0.0250 0.0250 0.9750 136.00008 0.142431
0.0250 0.0250 0.9750 144.00009 0.135115
0.0250 0.0250 0.9750 152.00009 0.131362
0.0250 0.0250 0.9750 160.00010 0.109427
0.0250 0.0250 0.9750 168.00010 0.0998234
0.0250 0.0250 0.9750 176.00011 0.100525
0.0250 0.0250 0.9750 184.00011 0.119715
0.0250 0.0250 0.9750 192.00012 0.139537
0.0250 0.0250 0.9750 200.00012 0.147637
0.0250 0.0250 0.9750 208.00013 0.138027
0.0250 0.0250 0.9750 216.00013 0.126241
0.0250 0.0250 0.9750 224.00014 0.137567
0.0250 0.0250 0.9750 232.00014 0.189442
0.0250 0.0250 0.9750 240.00015 0.216535
0.0250 0.0250 0.9750 248.00015 0.212693
0.0250 0.0250 0.9750 256.00016 0.24129
0.0250 0.0250 0.9750 264.00016 0.279604
0.0250 0.0250 0.9750 272.00017 0.291407
0.0250 0.0250 0.9750 280.00017 0.287007
0.0250 0.0250 0.9750 288.00017 0.26701
0.0250 0.0250 0.9750 296.00018 0.263713
0.0250 0.0250 0.9750 304.00018 0.264722
0.0250 0.0250 0.9750 312.00019 0.254534
0.0250 0.0250 0.9750 320.00019 0.245891
0.0250 0.0250 0.9750 328.00020 0.241795
0.0250 0.0250 0.9750 336.00020 0.29442
0.0250 0.0250 0.9750 344.00021 0.334269
0.0250 0.0250 0.9750 352.00021 0.322757
0.0250 0.0250 0.9750 360.00022 0.365994
0.0250 0.0250 0.9750 368.00022 0.350348
0.0250 0.0250 0.9750 376.00023 0.346845
0.0250 0.0250 0.9750 384.00023 0.41283
0.0250 0.0250 0.9750 392.00024 0.482579
0.0250 0.0250 0.9750 400.00024 0.47686
0.0250 0.0250 0.9750 408.00025 0.526657
0.0250 0.0250 0.9750 416.00025 0.608703
0.0250 0.0250 0.9750 424.00026 0.61056
0.0250 0.0250 0.9750 432.00026 0.604619
0.0250 0.0250 0.9750 440.00027 0.625596
0.0250 0.0250 0.9750 448.00027 0.65507
0.0250 0.0250 0.9750 456.00028 0.771361
0.0250 0.0250 0.9750 464.00028 0.778409
0.0250 0.0250 0.9750 472.00029 0.694948
0.0250 0.0250 0.9750 480.00029 0.690154
0.0250 0.0250 0.9750 488.00030 0.777408
0.0250 0.0250 0.9750 496.00030 0.852437
0.0250 0.0250 0.9750 504.00031 0.863639
0.0250 0.0250 0.9750 512.00031 0.822228
0.0250 0.0250 0.9750 520.00032 0.809993
0.0250 0.0250 0.9750 528.00032 0.807788
0.0250 0.0250 0.9750 536.00033 0.736484
0.0250 0.0250 0.9750 544.00033 0.747429
0.0250 0.0250 0.9750 552.00034 0.901475
0.0250 0.0250 0.9750 560.00034 1.10679
0.0250 0.0250 0.9750 568.00035 1.2241
0.0250 0.0250 0.9750 576.00035 1.39455
0.0250 0.0250 0.9750 584.00035 1.50819
0.0250 0.0250 0.9750 592.00036 1.61594
0.0250 0.0250 0.9750 600.00036 1.58776
0.0250 0.0250 0.9750 608.00037 1.56499
0.0250 0.0250 0.9750 616.00037 1.71361
0.0250 0.0250 0.9750 624.00038 1.71921
0.0250 0.0250 0.9750 632.00038 1.48738
0.0250 0.0250 0.9750 640.00039 1.31547
0.0250 0.0250 0.9750 648.00039 1.32524
0.0250 0.0250 0.9750 656.00040 1.4756
0.0250 0.0250 0.9750 664.00040 1.77088
0.0250 0.0250 0.9750 672.00041 2.01264
0.0250 0.0250 0.9750 680.00041 2.08126
0.0250 0.0250 0.9750 688.00042 2.13856
0.0250 0.0250 0.9750 696.00042 2.43953
0.0250 0.0250 0.9750 704.00043 2.71235
0.0250 0.0250 0.9750 712.00043 3.05949
0.0250 0.0250 0.9750 720.00044 3.21458
0.0250 0.0250 0.9750 728.00044 3.03558
0.0250 0.0250 0.9750 736.00045 2.78958
0.0250 0.0250 0.9750 744.00045 2.41146
0.0250 0.0250 0.9750 752.00046 2.12655
0.0250 0.0250 0.9750 760.00046 2.02279
0.0250 0.0250 0.9750 768.00047 2.10266
0.0250 0.0250 0.9750 776.00047 2.00547
0.0250 0.0250 0.9750 784.00048 1.96064
0.0250 0.0250 0.9750 792.00048 1.90582
0.0250 0.0250 0.9750 800.00049 1.94836

0.0500 0.0500 0.9500 8.00000 0.0035857
0.0500 0.0500 0.9500 16.00001 0.0184175
0.0500 0.0500 0.9500 24.00001 0.035082
0.0500 0.0500 0.9500 32.00002 0.0283008
0.0500 0.0500 0.9500 40.00002 0.0445758
0.0500 0.0500 0.9500 48.00003 0.0718271
0.0500 0.0500 0.9500 56.00003 0.0834763
0.0500 0.0500 0.9500 64.00004 0.0876363
0.0500 0.0500 0.9500 72.00004 0.0923951
0.0500 0.0500 0.9500 80.00005 0.0948974
0.0500 0.0500 0.9500 88.00005 0.0997091
0.0500 0.0500 0.9500 96.00006 0.106362
0.0500 0.0500 0.9500 104.00006 0.108412
0.0500 0.0500 0.9500 112.00007 0.114423
0.0500 0.0500 0.9500 120.00007 0.131171
0.0500 0.0500 0.9500 128.00008 0.164771
0.0500 0.0500 0.9500 136.00008 0.196187
0.0500 0.0500 0.9500 144.00009 0.197448
0.0500 0.0500 0.9500 152.00009 0.206928
0.0500 0.0500 0.9500 160.00010 0.183874
0.0500 0.0500 0.9500 168.00010 0.153073
0.0500 0.0500 0.9500 176.00011 0.139469
0.0500 0.0500 0.9500 184.00011 0.140886
0.0500 0.0500 0.9500 192.00012 0.163814
0.0500 0.0500 0.9500 200.00012 0.203061
0.0500 0.0500 0.9500 208.00013 0.268772
0.0500 0.0500 0.9500 216.00013 0.263218
0.0500 0.0500 0.9500 224.00014 0.22336
0.0500 0.0500 0.9500 232.00014 0.232109
0.0500 0.0500 0.9500 240.00015 0.290451
0.0500 0.0500 0.9500 248.00015 0.347307
0.0500 0.0500 0.9500 256.00016 0.418039
0.0500 0.0500 0.9500 264.00016 0.453524
0.0500 0.0500 0.9500 272.00017 0.443436
0.0500 0.0500 0.9500 280.00017 0.363669
0.0500 0.0500 0.9500 288.00017 0.328468
0.0500 0.0500 0.9500 296.00018 0.348758
0.0500 0.0500 0.9500 304.00018 0.390087
0.0500 0.0500 0.9500 312.00019 0.387524
0.0500 0.0500 0.9500 320.00019 0.385002
0.0500 0.0500 0.9500 328.00020 0.440725
0.0500 0.0500 0.9500 336.00020 0.616485
0.0500 0.0500 0.9500 344.00021 0.801729
0.0500 0.0500 0.9500 352.00021 0.789263
0.0500 0.0500 0.9500 360.00022 0.749176
0.0500 0.0500 0.9500 368.00022 0.667191
0.0500 0.0500 0.9500 376.00023 0.620582
0.0500 0.0500 0.9500 384.00023 0.662669
0.0500 0.0500 0.9500 392.00024 0.755438
0.0500 0.0500 0.9500 400.00024 0.835299
0.0500 0.0500 0.9500 408.00025 0.950558
0.0500 0.0500 0.9500 416.00025 1.09836
0.0500 0.0500 0.9500 424.00026 1.30547
0.0500 0.0500 0.9500 432.00026 1.28048
0.0500 0.0500 0.9500 440.00027 1.07267
0.0500 0.0500 0.9500 448.00027 0.973744
0.0500 0.0500 0.9500 456.00028 0.911353
0.0500 0.0500 0.9500 464.00028 0.932893
0.0500 0.0500 0.9500 472.00029 0.885484
0.0500 0.0500 0.9500 480.00029 0.948204
0.0500 0.0500 0.9500 488.00030 0.989388
0.0500 0.0500 0.9500 496.00030 1.14824
0.0500 0.0500 0.9500 504.00031 1.36121
0.0500 0.0500 0.9500 512.00031 1.35362
0.0500 0.0500 0.9500 520.00032 1.20969
0.0500 0.0500 0.9500 528.00032 1.02723
0.0500 0.0500 0.9500 536.00033 0.871177
0.0500 0.0500 0.9500 544.00033 0.85566
0.0500 0.0500 0.9500 552.00034 0.969784
0.0500 0.0500 0.9500 560.00034 1.1187
0.0500 0.0500 0.9500 568.00035 1.18115
0.0500 0.0500 0.9500 576.00035 1.20809
0.0500 0.0500 0.9500 584.00035 1.37218
0.0500 0.0500 0.9500 592.00036 1.45393
0.0500 0.0500 0.9500 600.00036 1.40939
0.0500 0.0500 0.9500 608.00037 1.39975
0.0500 0.0500 0.9500 616.00037 1.42175
0.0500 0.0500 0.9500 624.00038 1.46333
0.0500 0.0500 0.9500 632.00038 1.66017
0.0500 0.0500 0.9500 640.00039 1.91538
0.0500 0.0500 0.9500 648.00039 2.07131
0.0500 0.0500 0.9500 656.00040 2.10059
0.0500 0.0500 0.9500 664.00040 2.33955
0.0500 0.0500 0.9500 672.00041 2.31463
0.0500 0.0500 0.9500 680.00041 2.28576
0.0500 0.0500 0.9500 688.00042 2.2127
0.0500 0.0500 0.9500 696.00042 2.35033
0.0500 0.0500 0.9500 704.00043 2.66898
0.0500 0.0500 0.9500 712.00043 2.813
0.0500 0.0500 0.9500 720.00044 2.77683
0.0500 0.0500 0.9500 728.00044 2.64062
0.0500 0.0500 0.9500 736.00045 2.40688
0.0500 0.0500 0.9500 744.00045 2.34281
0.0500 0.0500 0.9500 752.00046 2.31772
0.0500 0.0500 0.9500 760.00046 2.02867
0.0500 0.0500 0.9500 768.00047 1.86627
0.0500 0.0500 0.9500 776.00047 1.93594
0.0500 0.0500 0.9500 784.00048 2.12659
0.0500 0.0500 0.9500 792.00048 2.18843
0.0500 0.0500 0.9500 800.00049 2.17646

0.0750 0.0750 0.9250 8.00000 0.0104733
0.0750 0.0750 0.9250 16.00001 0.0364087
0.0750 0.0750 0.9250 24.00001 0.0387944
0.0750 0.0750 0.9250 32.00002 0.0600412
0.0750 0.0750 0.9250 40.00002 0.0716287
0.0750 0.0750 0.9250 48.00003 0.0848393
0.0750 0.0750 0.9250 56.00003 0.104322
0.0750 0.0750 0.9250 64.00004 0.134524
0.0750 0.0750 0.9250 72.00004 0.123515
0.0750 0.0750 0.9250 80.00005 0.136447
0.0750 0.0750 0.9250 88.00005 0.162197
0.0750 0.0750 0.9250 96.00006 0.179787
0.0750 0.0750 0.9250 104.00006 0.210413
0.0750 0.0750 0.9250 112.00007 0.226254
0.0750 0.0750 0.9250 120.00007 0.258369
0.0750 0.0750 0.9250 128.00008 0.282167
0.0750 0.0750 0.9250 136.00008 0.277763
0.0750 0.0750 0.9250 144.00009 0.27529
0.0750 0.0750 0.9250 152.00009 0.29568
0.0750 0.0750 0.9250 160.00010 0.314041
0.0750 0.0750 0.9250 168.00010 0.328248
0.0750 0.0750 0.9250 176.00011 0.375224
0.0750 0.0750 0.9250 184.00011 0.401339
0.0750 0.0750 0.9250 192.00012 0.362864
0.0750 0.0750 0.9250 200.00012 0.347197
0.0750 0.0750 0.9250 208.00013 0.404678
0.0750 0.0750 0.9250 216.00013 0.536404
0.0750 0.0750 0.9250 224.00014 0.662445
0.0750 0.0750 0.9250 232.00014 0.666814
0.0750 0.0750 0.9250 240.00015 0.657701
0.0750 0.0750 0.9250 248.00015 0.675202
0.0750 0.0750 0.9250 256.00016 0.73245
0.0750 0.0750 0.9250 264.00016 0.830672
0.0750 0.0750 0.9250 272.00017 0.840045
0.0750 0.0750 0.9250 280.00017 0.880424
0.0750 0.0750 0.9250 288.00017 0.996694
0.0750 0.0750 0.9250 296.00018 1.03468
0.0750 0.0750 0.9250 304.00018 0.998363
0.0750 0.0750 0.9250 312.00019 0.9171
0.0750 0.0750 0.9250 320.00019 0.875782
0.0750 0.0750 0.9250 328.00020 0.89961
0.0750 0.0750 0.9250 336.00020 0.904033
0.0750 0.0750 0.9250 344.00021 0.94091
0.0750 0.0750 0.9250 352.00021 0.978391
0.0750 0.0750 0.9250 360.00022 1.02198
0.0750 0.0750 0.9250 368.00022 1.09091
0.0750 0.0750 0.9250 376.00023 1.05391
0.0750 0.0750 0.9250 384.00023 0.92369
0.0750 0.0750 0.9250 392.00024 0.836929
0.0750 0.0750 0.9250 400.00024 0.762705
0.0750 0.0750 0.9250 408.00025 0.683581
0.0750 0.0750 0.9250 416.00025 0.663814
0.0750 0.0750 0.9250 424.00026 0.686981
0.0750 0.0750 0.9250 432.00026 0.770603
0.0750 0.0750 0.9250 440.00027 0.836294
0.0750 0.0750 0.9250 448.00027 0.921511
0.0750 0.0750 0.9250 456.00028 1.0092
0.0750 0.0750 0.9250 464.00028 1.13853
0.0750 0.0750 0.9250 472.00029 1.23305
0.0750 0.0750 0.9250 480.00029 1.35266
0.0750 0.0750 0.9250 488.00030 1.28466
0.0750 0.0750 0.9250 496.00030 1.18385
0.0750 0.0750 0.9250 504.00031 1.2365
0.0750 0.0750 0.9250 512.00031 1.42591
0.0750 0.0750 0.9250 520.00032 1.48949
0.0750 0.0750 0.9250 528.00032 1.53011
0.0750 0.0750 0.9250 536.00033 1.5869
0.0750 0.0750 0.9250 544.00033 1.52292
0.0750 0.0750 0.9250 552.00034 1.4431
0.0750 0.0750 0.9250 560.00034 1.52041
0.0750 0.0750 0.9250 568.00035 1.81028
0.0750 0.0750 0.9250 576.00035 1.94412
0.0750 0.0750 0.9250 584.00035 1.81003
0.0750 0.0750 0.9250 592.00036 1.88318
0.0750 0.0750 0.9250 600.00036 1.84958
0.0750 0.0750 0.9250 608.00037 1.66199
0.0750 0.0750 0.9250 616.00037 1.51277
0.0750 0.0750 0.9250 624.00038 1.50546
0.0750 0.0750 0.9250 632.00038 1.52584
0.0750 0.0750 0.9250 640.00039 1.55119
0.0750 0.0750 0.9250 648.00039 1.53035
0.0750 0.0750 0.9250 656.00040 1.71904
0.0750 0.0750 0.9250 664.00040 1.97827
0.0750 0.0750 0.9250 672.00041 2.05521
0.0750 0.0750 0.9250 680.00041 1.86487
0.0750 0.0750 0.9250 688.00042 1.71228
0.0750 0.0750 0.9250 696.00042 1.77942
0.0750 0.0750 0.9250 704.00043 1.8992
0.0750 0.0750 0.9250 712.00043 1.9276
0.0750 0.0750 0.9250 720.00044 1.81262
0.0750 0.0750 0.9250 728.00044 1.85077
0.0750 0.0750 0.9250 736.00045 2.14992
0.0750 0.0750 0.9250 744.00045 2.41842
0.0750 0.0750 0.9250 752.00046 2.29136
0.0750 0.0750 0.9250 760.00046 2.23186
0.0750 0.0750 0.9250 768.00047 2.26536
0.0750 0.0750 0.9250 776.00047 2.19744
0.0750 0.0750 0.9250 784.00048 2.16124
0.0750 0.0750 0.9250 792.00048 2.28579
0.0750 0.0750 0.9250 800.00049 2.32106

0.1000 0.1000 0.9000 8.00000 0.0163843
0.1000 0.1000 0.9000 16.00001 0.0654725
0.1000 0.1000 0.9000 24.00001 0.0605529
0.1000 0.1000 0.9000 32.00002 0.0577211
0.1000 0.1000 0.9000 40.00002 0.0794494
0.1000 0.1000 0.9000 48.00003 0.0822807
0.1000 0.1000 0.9000 56.00003 0.107996
0.1000 0.1000 0.9000 64.00004 0.122129
0.1000 0.1000 0.9000 72.00004 0.120304
0.1000 0.1000 0.9000 80.00005 0.122343
0.1000 0.1000 0.9000 88.00005 0.129692
0.1000 0.1000 0.9000 96.00006 0.153873
0.1000 0.1000 0.9000 104.00006 0.197517
0.1000 0.1000 0.9000 112.00007 0.250523
0.1000 0.1000 0.9000 120.00007 0.323656
0.1000 0.1000 0.9000 128.00008 0.336569
0.1000 0.1000 0.9000 136.00008 0.354147
0.1000 0.1000 0.9000 144.00009 0.374183
0.1000 0.1000 0.9000 152.00009 0.418336
0.1000 0.1000 0.9000 160.00010 0.451
0.1000 0.1000 0.9000 168.00010 0.553425
0.1000 0.1000 0.9000 176.00011 0.664146
0.1000 0.1000 0.9000 184.00011 0.675117
0.1000 0.1000 0.9000 192.00012 0.623605
0.1000 0.1000 0.9000 200.00012 0.649358
0.1000 0.1000 0.9000 208.00013 0.682944
0.1000 0.1000 0.9000 216.00013 0.655761
0.1000 0.1000 0.9000 224.00014 0.68751
0.1000 0.1000 0.9000 232.00014 0.712479
0.1000 0.1000 0.9000 240.00015 0.678908
0.1000 0.1000 0.9000 248.00015 0.60982
0.1000 0.1000 0.9000 256.00016 0.569552
0.1000 0.1000 0.9000 264.00016 0.514472
0.1000 0.1000 0.9000 272.00017 0.489815
0.1000 0.1000 0.9000 280.00017 0.608584
0.1000 0.1000 0.9000 288.00017 0.721513
0.1000 0.1000 0.9000 296.00018 0.731225
0.1000 0.1000 0.9000 304.00018 0.700844
0.1000 0.1000 0.9000 312.00019 0.669072
0.1000 0.1000 0.9000 320.00019 0.6107
0.1000 0.1000 0.9000 328.00020 0.599957
0.1000 0.1000 0.9000 336.00020 0.660691
0.1000 0.1000 0.9000 344.00021 0.74267
0.1000 0.1000 0.9000 352.00021 0.784341
0.1000 0.1000 0.9000 360.00022 0.946464
0.1000 0.1000 0.9000 368.00022 1.07943
0.1000 0.1000 0.9000 376.00023 1.09314
0.1000 0.1000 0.9000 384.00023 1.21407
0.1000 0.1000 0.9000 392.00024 1.19353
0.1000 0.1000 0.9000 400.00024 1.19192
0.1000 0.1000 0.9000 408.00025 1.31449
0.1000 0.1000 0.9000 416.00025 1.28737
0.1000 0.1000 0.9000 424.00026 1.20529
0.1000 0.1000 0.9000 432.00026 1.16969
0.1000 0.1000 0.9000 440.00027 1.20671
0.1000 0.1000 0.9000 448.00027 1.33733
0.1000 0.1000 0.9000 456.00028 1.39685
0.1000 0.1000 0.9000 464.00028 1.46425
0.1000 0.1000 0.9000 472.00029 1.56318
0.1000 0.1000 0.9000 480.00029 1.84919
0.1000 0.1000 0.9000 488.00030 2.43591
0.1000 0.1000 0.9000 496.00030 2.33576
0.1000 0.1000 0.9000 504.00031 2.09384
0.1000 0.1000 0.9000 512.00031 2.05101
0.1000 0.1000 0.9000 520.00032 1.92498
0.1000 0.1000 0.9000 528.00032 1.92369
0.1000 0.1000 0.9000 536.00033 2.086
0.1000 0.1000 0.9000 544.00033 2.07587
0.1000 0.1000 0.9000 552.00034 1.67717
0.1000 0.1000 0.9000 560.00034 1.54133
0.1000 0.1000 0.9000 568.00035 1.68333
0.1000 0.1000 0.9000 576.00035 1.72701
0.1000 0.1000 0.9000 584.00035 1.88557
0.1000 0.1000 0.9000 592.00036 2.08422
0.1000 0.1000 0.9000 600.00036 2.13784
0.1000 0.1000 0.9000 608.00037 2.07545
0.1000 0.1000 0.9000 616.00037 1.81007
0.1000 0.1000 0.9000 624.00038 1.81482
0.1000 0.1000 0.9000 632.00038 1.88247
0.1000 0.1000 0.9000 640.00039 1.8396
0.1000 0.1000 0.9000 648.00039 1.8835
0.1000 0.1000 0.9000 656.00040 1.877
0.1000 0.1000 0.9000 664.00040 1.92469
0.1000 0.1000 0.9000 672.00041 2.12221
0.1000 0.1000 0.9000 680.00041 2.22717
0.1000 0.1000 0.9000 688.00042 2.13466
0.1000 0.1000 0.9000 696.00042 1.94412
0.1000 0.1000 0.9000 704.00043 1.71652
0.1000 0.1000 0.9000 712.00043 1.60955
0.1000 0.1000 0.9000 720.00044 1.67456
0.1000 0.1000 0.9000 728.00044 1.59667
0.1000 0.1000 0.9000 736.00045 1.62421
0.1000 0.1000 0.9000 744.00045 1.71463
0.1000 0.1000 0.9000 752.00046 1.70712
0.1000 0.1000 0.9000 760.00046 1.79253
0.1000 0.1000 0.9000 768.00047 1.80493
0.1000 0.1000 0.9000 776.00047 1.61531
0.1000 0.1000 0.9000 784.00048 1.4796
0.1000 0.1000 0.9000 792.00048 1.41162
0.1000 0.1000 0.9000 800.00049 1.31311

0.1250 0.1250 0.8750 8.00000 0.0097542
0.1250 0.1250 0.8750 16.00001 0.025365
0.1250 0.1250 0.8750 24.00001 0.0358182
0.1250 0.1250 0.8750 32.00002 0.0776606
0.1250 0.1250 0.8750 40.00002 0.104012
0.1250 0.1250 0.8750 48.00003 0.112444
0.1250 0.1250 0.8750 56.00003 0.126789
0.1250 0.1250 0.8750 64.00004 0.149665
0.1250 0.1250 0.8750 72.00004 0.155301
0.1250 0.1250 0.8750 80.00005 0.194042
0.1250 0.1250 0.8750 88.00005 0.222279
0.1250 0.1250 0.8750 96.00006 0.235455
0.1250 0.1250 0.8750 104.00006 0.272187
0.1250 0.1250 0.8750 112.00007 0.31757
0.1250 0.1250 0.8750 120.00007 0.362772
0.1250 0.1250 0.8750 128.00008 0.374989
0.1250 0.1250 0.8750 136.00008 0.381112
0.1250 0.1250 0.8750 144.00009 0.331924
0.1250 0.1250 0.8750 152.00009 0.316078
0.1250 0.1250 0.8750 160.00010 0.339173
0.1250 0.1250 0.8750 168.00010 0.368511
0.1250 0.1250 0.8750 176.00011 0.417681
0.1250 0.1250 0.8750 184.00011 0.444452
0.1250 0.1250 0.8750 192.00012 0.458156
0.1250 0.1250 0.8750 200.00012 0.430509
0.1250 0.1250 0.8750 208.00013 0.43977
0.1250 0.1250 0.8750 216.00013 0.48767
0.1250 0.1250 0.8750 224.00014 0.503224
0.1250 0.1250 0.8750 232.00014 0.53708
0.1250 0.1250 0.8750 240.00015 0.613504
0.1250 0.1250 0.8750 248.00015 0.684384
0.1250 0.1250 0.8750 256.00016 0.671237
0.1250 0.1250 0.8750 264.00016 0.721491
0.1250 0.1250 0.8750 272.00017 0.810435
0.1250 0.1250 0.8750 280.00017 0.839123
0.1250 0.1250 0.8750 288.00017 0.913308
0.1250 0.1250 0.8750 296.00018 1.02418
0.1250 0.1250 0.8750 304.00018 1.07515
0.1250 0.1250 0.8750 312.00019 1.17769
0.1250 0.1250 0.8750 320.00019 1.18211
0.1250 0.1250 0.8750 328.00020 1.11872
0.1250 0.1250 0.8750 336.00020 1.04717
0.1250 0.1250 0.8750 344.00021 1.00418
0.1250 0.1250 0.8750 352.00021 0.961752
0.1250 0.1250 0.8750 360.00022 0.977499
0.1250 0.1250 0.8750 368.00022 1.11198
0.1250 0.1250 0.8750 376.00023 1.17744
0.1250 0.1250 0.8750 384.00023 1.18158
0.1250 0.1250 0.8750 392.00024 1.3082
0.1250 0.1250 0.8750 400.00024 1.46385
0.1250 0.1250 0.8750 408.00025 1.43494
0.1250 0.1250 0.8750 416.00025 1.35368
0.1250 0.1250 0.8750 424.00026 1.27657
0.1250 0.1250 0.8750 432.00026 1.37166
0.1250 0.1250 0.8750 440.00027 1.68922
0.1250 0.1250 0.8750 448.00027 1.75368
0.1250 0.1250 0.8750 456.00028 1.53162
0.1250 0.1250 0.8750 464.00028 1.47097
0.1250 0.1250 0.8750 472.00029 1.48582
0.1250 0.1250 0.8750 480.00029 1.60103
0.1250 0.1250 0.8750 488.00030 1.67133
0.1250 0.1250 0.8750 496.00030 1.65596
0.1250 0.1250 0.8750 504.00031 1.64401
0.1250 0.1250 0.8750 512.00031 1.56592
0.1250 0.1250 0.8750 520.00032 1.51322
0.1250 0.1250 0.8750 528.00032 1.57691
0.1250 0.1250 0.8750 536.00033 1.58427
0.1250 0.1250 0.8750 544.00033 1.68209
0.1250 0.1250 0.8750 552.00034 2.06995
0.1250 0.1250 0.8750 560.00034 2.54202
0.1250 0.1250 0.8750 568.00035 2.77595
0.1250 0.1250 0.8750 576.00035 2.75253
0.1250 0.1250 0.8750 584.00035 2.50422
0.1250 0.1250 0.8750 592.00036 2.36649
0.1250 0.1250 0.8750 600.00036 2.32924
0.1250 0.1250 0.8750 608.00037 2.51741
0.1250 0.1250 0.8750 616.00037 2.63413
0.1250 0.1250 0.8750 624.00038 2.34471
0.1250 0.1250 0.8750 632.00038 2.05074
0.1250 0.1250 0.8750 640.00039 1.86104
0.1250 0.1250 0.8750 648.00039 1.75875
0.1250 0.1250 0.8750 656.00040 1.92126
0.1250 0.1250 0.8750 664.00040 1.9905
0.1250 0.1250 0.8750 672.00041 1.99763
0.1250 0.1250 0.8750 680.00041 2.03881
0.1250 0.1250 0.8750 688.00042 2.01578
0.1250 0.1250 0.8750 696.00042 1.94527
0.1250 0.1250 0.8750 704.00043 1.84079
0.1250 0.1250 0.8750 712.00043 1.75979
0.1250 0.1250 0.8750 720.00044 1.81736
0.1250 0.1250 0.8750 728.00044 1.96987
0.1250 0.1250 0.8750 736.00045 1.91898
0.1250 0.1250 0.8750 744.00045 1.91684
0.1250 0.1250 0.8750 752.00046 1.86899
0.1250 0.1250 0.8750 760.00046 1.66584
0.1250 0.1250 0.8750 768.00047 1.58073
0.1250 0.1250 0.8750 776.00047 1.61507
0.1250 0.1250 0.8750 784.00048 1.61932
0.1250 0.1250 0.8750 792.00048 1.65101
0.1250 0.1250 0.8750 800.00049 1.66573

0.1500 0.1500 0.8500 8.00000 0.0234989
0.1500 0.1500 0.8500 16.00001 0.0463763
0.1500 0.1500 0.8500 24.00001 0.151349
0.1500 0.1500 0.8500 32.00002 0.154338
0.1500 0.1500 0.8500 40.00002 0.152346
0.1500 0.1500 0.8500 48.00003 0.186579
0.1500 0.1500 0.8500 56.00003 0.256026
0.1500 0.1500 0.8500 64.00004 0.29132
0.1500 0.1500 0.8500 72.00004 0.306914
0.1500 0.1500 0.8500 80.00005 0.316825
0.1500 0.1500 0.8500 88.00005 0.309426
0.1500 0.1500 0.8500 96.00006 0.379541
0.1500 0.1500 0.8500 104.00006 0.395233
0.1500 0.1500 0.8500 112.00007 0.381364
0.1500 0.1500 0.8500 120.00007 0.377
0.1500 0.1500 0.8500 128.00008 0.380201
0.1500 0.1500 0.8500 136.00008 0.372736
0.1500 0.1500 0.8500 144.00009 0.356475
0.1500 0.1500 0.8500 152.00009 0.353937
0.1500 0.1500 0.8500 160.00010 0.37163
0.1500 0.1500 0.8500 168.00010 0.440964
0.1500 0.1500 0.8500 176.00011 0.595173
0.1500 0.1500 0.8500 184.00011 0.660464
0.1500 0.1500 0.8500 192.00012 0.730015
0.1500 0.1500 0.8500 200.00012 0.822762
0.1500 0.1500 0.8500 208.00013 0.765689
0.1500 0.1500 0.8500 216.00013 0.727186
0.1500 0.1500 0.8500 224.00014 0.658043
0.1500 0.1500 0.8500 232.00014 0.705576
0.1500 0.1500 0.8500 240.00015 0.911177
0.1500 0.1500 0.8500 248.00015 0.978076
0.1500 0.1500 0.8500 256.00016 1.09482
0.1500 0.1500 0.8500 264.00016 1.1179
0.1500 0.1500 0.8500 272.00017 0.906646
0.1500 0.1500 0.8500 280.00017 0.833546
0.1500 0.1500 0.8500 288.00017 0.808345
0.1500 0.1500 0.8500 296.00018 0.834537
0.1500 0.1500 0.8500 304.00018 0.968612
0.1500 0.1500 0.8500 312.00019 0.993583
0.1500 0.1500 0.8500 320.00019 1.08385
0.1500 0.1500 0.8500 328.00020 1.16367
0.1500 0.1500 0.8500 336.00020 1.09388
0.1500 0.1500 0.8500 344.00021 1.12551
0.1500 0.1500 0.8500 352.00021 1.21471
0.1500 0.1500 0.8500 360.00022 1.22536
0.1500 0.1500 0.8500 368.00022 1.22497
0.1500 0.1500 0.8500 376.00023 1.31623
0.1500 0.1500 0.8500 384.00023 1.53488
0.1500 0.1500 0.8500 392.00024 1.75909
0.1500 0.1500 0.8500 400.00024 2.06499
0.1500 0.1500 0.8500 408.00025 2.10596
0.1500 0.1500 0.8500 416.00025 1.94664
0.1500 0.1500 0.8500 424.00026 1.73836
0.1500 0.1500 0.8500 432.00026 1.73232
0.1500 0.1500 0.8500 440.00027 1.82523
0.1500 0.1500 0.8500 448.00027 1.8018
0.1500 0.1500 0.8500 456.00028 1.75745
0.1500 0.1500 0.8500 464.00028 1.81341
0.1500 0.1500 0.8500 472.00029 1.79073
0.1500 0.1500 0.8500 480.00029 1.75081
0.1500 0.1500 0.8500 488.00030 1.72328
0.1500 0.1500 0.8500 496.00030 1.60863
0.1500 0.1500 0.8500 504.00031 1.70618
0.1500 0.1500 0.8500 512.00031 1.77569
0.1500 0.1500 0.8500 520.00032 1.7629
0.1500 0.1500 0.8500 528.00032 1.71921
0.1500 0.1500 0.8500 536.00033 1.65899
0.1500 0.1500 0.8500 544.00033 1.67371
0.1500 0.1500 0.8500 552.00034 1.69119
0.1500 0.1500 0.8500 560.00034 1.69109
0.1500 0.1500 0.8500 568.00035 1.7693
0.1500 0.1500 0.8500 576.00035 1.90531
0.1500 0.1500 0.8500 584.00035 1.83262
0.1500 0.1500 0.8500 592.00036 1.69681
0.1500 0.1500 0.8500 600.00036 1.62589
0.1500 0.1500 0.8500 608.00037 1.80993
0.1500 0.1500 0.8500 616.00037 1.96022
0.1500 0.1500 0.8500 624.00038 1.99855
0.1500 0.1500 0.8500 632.00038 2.12793
0.1500 0.1500 0.8500 640.00039 2.35071
0.1500 0.1500 0.8500 648.00039 2.51163
0.1500 0.1500 0.8500 656.00040 2.599
0.1500 0.1500 0.8500 664.00040 2.39648
0.1500 0.1500 0.8500 672.00041 2.3278
0.1500 0.1500 0.8500 680.00041 2.31679
0.1500 0.1500 0.8500 688.00042 2.4192
0.1500 0.1500 0.8500 696.00042 2.58238
0.1500 0.1500 0.8500 704.00043 2.44665
0.1500 0.1500 0.8500 712.00043 2.43594
0.1500 0.1500 0.8500 720.00044 2.24992
0.1500 0.1500 0.8500 728.00044 1.94034
0.1500 0.1500 0.8500 736.00045 1.68847
0.1500 0.1500 0.8500 744.00045 1.72205
0.1500 0.1500 0.8500 752.00046 1.76914
0.1500 0.1500 0.8500 760.00046 1.89441
0.1500 0.1500 0.8500 768.00047 1.97387
0.1500 0.1500 0.8500 776.00047 1.79168
0.1500 0.1500 0.8500 784.00048 1.66181
0.1500 0.1500 0.8500 792.00048 1.69261
0.1500 0.1500 0.8500 800.00049 1.56296

0.1750 0.1750 0.8250 8.00000 0.0127791
0.1750 0.1750 0.8250 16.00001 0.0261677
0.1750 0.1750 0.8250 24.00001 0.0656885
0.1750 0.1750 0.8250 32.00002 0.100776
0.1750 0.1750 0.8250 40.00002 0.112709
0.1750 0.1750 0.8250 48.00003 0.15362
0.1750 0.1750 0.8250 56.00003 0.147306
0.1750 0.1750 0.8250 64.00004 0.155892
0.1750 0.1750 0.8250 72.00004 0.211004
0.1750 0.1750 0.8250 80.00005 0.239465
0.1750 0.1750 0.8250 88.00005 0.29043
0.1750 0.1750 0.8250 96.00006 0.363458
0.1750 0.1750 0.8250 104.00006 0.446429
0.1750 0.1750 0.8250 112.00007 0.479318
0.1750 0.1750 0.8250 120.00007 0.474006
0.1750 0.1750 0.8250 128.00008 0.521462
0.1750 0.1750 0.8250 136.00008 0.587056
0.1750 0.1750 0.8250 144.00009 0.670474
0.1750 0.1750 0.8250 152.00009 0.691749
0.1750 0.1750 0.8250 160.00010 0.763425
0.1750 0.1750 0.8250 168.00010 0.829877
0.1750 0.1750 0.8250 176.00011 0.847767
0.1750 0.1750 0.8250 184.00011 0.911939
0.1750 0.1750 0.8250 192.00012 0.926241
0.1750 0.1750 0.8250 200.00012 0.952944
0.1750 0.1750 0.8250 208.00013 1.06749
0.1750 0.1750 0.8250 216.00013 1.05637
0.1750 0.1750 0.8250 224.00014 1.09487
0.1750 0.1750 0.8250 232.00014 1.33291
0.1750 0.1750 0.8250 240.00015 1.44295
0.1750 0.1750 0.8250 248.00015 1.4191
0.1750 0.1750 0.8250 256.00016 1.4474
0.1750 0.1750 0.8250 264.00016 1.4784
0.1750 0.1750 0.8250 272.00017 1.496
0.1750 0.1750 0.8250 280.00017 1.43873
0.1750 0.1750 0.8250 288.00017 1.37134
0.1750 0.1750 0.8250 296.00018 1.29326
0.1750 0.1750 0.8250 304.00018 1.33966
0.1750 0.1750 0.8250 312.00019 1.39525
0.1750 0.1750 0.8250 320.00019 1.43257
0.1750 0.1750 0.8250 328.00020 1.59459
0.1750 0.1750 0.8250 336.00020 1.64403
0.1750 0.1750 0.8250 344.00021 1.59301
0.1750 0.1750 0.8250 352.00021 1.56139
0.1750 0.1750 0.8250 360.00022 1.44392
0.1750 0.1750 0.8250 368.00022 1.45589
0.1750 0.1750 0.8250 376.00023 1.60385
0.1750 0.1750 0.8250 384.00023 1.76409
0.1750 0.1750 0.8250 392.00024 1.91067
0.1750 0.1750 0.8250 400.00024 1.77072
0.1750 0.1750 0.8250 408.00025 1.63508
0.1750 0.1750 0.8250 416.00025 1.62195
0.1750 0.1750 0.8250 424.00026 1.76707
0.1750 0.1750 0.8250 432.00026 2.01094
0.1750 0.1750 0.8250 440.00027 2.03672
0.1750 0.1750 0.8250 448.00027 1.95497
0.1750 0.1750 0.8250 456.00028 1.94007
0.1750 0.1750 0.8250 464.00028 1.85419
0.1750 0.1750 0.8250 472.00029 1.90891
0.1750 0.1750 0.8250 480.00029 2.00375
0.1750 0.1750 0.8250 488.00030 1.98248
0.1750 0.1750 0.8250 496.00030 2.0715
0.1750 0.1750 0.8250 504.00031 2.13483
0.1750 0.1750 0.8250 512.00031 2.08686
0.1750 0.1750 0.8250 520.00032 1.94626
0.1750 0.1750 0.8250 528.00032 1.97671
0.1750 0.1750 0.8250 536.00033 2.01218
0.1750 0.1750 0.8250 544.00033 2.07278
0.1750 0.1750 0.8250 552.00034 2.07816
0.1750 0.1750 0.8250 560.00034 2.09103
0.1750 0.1750 0.8250 568.00035 2.07219
0.1750 0.1750 0.8250 576.00035 2.07675
0.1750 0.1750 0.8250 584.00035 2.03446
0.1750 0.1750 0.8250 592.00036 2.0034
0.1750 0.1750 0.8250 600.00036 1.93665
0.1750 0.1750 0.8250 608.00037 1.92818
0.1750 0.1750 0.8250 616.00037 1.94333
0.1750 0.1750 0.8250 624.00038 1.8476
0.1750 0.1750 0.8250 632.00038 1.82159
0.1750 0.1750 0.8250 640.00039 1.81034
0.1750 0.1750 0.8250 648.00039 1.84846
0.1750 0.1750 0.8250 656.00040 1.83314
0.1750 0.1750 0.8250 664.00040 1.75329
0.1750 0.1750 0.8250 672.00041 1.63519
0.1750 0.1750 0.8250 680.00041 1.47817
0.1750 0.1750 0.8250 688.00042 1.45444
0.1750 0.1750 0.8250 696.00042 1.50129
0.1750 0.1750 0.8250 704.00043 1.53458
0.1750 0.1750 0.8250 712.00043 1.59754
0.1750 0.1750 0.8250 720.00044 1.65017
0.1750 0.1750 0.8250 728.00044 1.67096
0.1750 0.1750 0.8250 736.00045 1.77901
0.1750 0.1750 0.8250 744.00045 1.96699
0.1750 0.1750 0.8250 752.00046 1.9709
0.1750 0.1750 0.8250 760.00046 2.07866
0.1750 0.1750 0.8250 768.00047 2.18223
0.1750 0.1750 0.8250 776.00047 2.03184
0.1750 0.1750 0.8250 784.00048 1.98055
0.1750 0.1750 0.8250 792.00048 1.84869
0.1750 0.1750 0.8250 800.00049 1.88518

0.2000 0.2000 0.8000 8.00000 0.0166735
0.2000 0.2000 0.8000 16.00001 0.029948
0.2000 0.2000 0.8000 24.00001 0.077558
0.2000 0.2000 0.8000 32.00002 0.0725675
0.2000 0.2000 0.8000 40.00002 0.110907
0.2000 0.2000 0.8000 48.00003 0.179195
0.2000 0.2000 0.8000 56.00003 0.216997
0.2000 0.2000 0.8000 64.00004 0.20849
0.2000 0.2000 0.8000 72.00004 0.217392
0.2000 0.2000 0.8000 80.00005 0.255889
0.2000 0.2000 0.8000 88.00005 0.324739
0.2000 0.2000 0.8000 96.00006 0.34068
0.2000 0.2000 0.8000 104.00006 0.367303
0.2000 0.2000 0.8000 112.00007 0.436186
0.2000 0.2000 0.8000 120.00007 0.4541
0.2000 0.2000 0.8000 128.00008 0.47763
0.2000 0.2000 0.8000 136.00008 0.525598
0.2000 0.2000 0.8000 144.00009 0.583014
0.2000 0.2000 0.8000 152.00009 0.663572
0.2000 0.2000 0.8000 160.00010 0.808197
0.2000 0.2000 0.8000 168.00010 0.962515
0.2000 0.2000 0.8000 176.00011 1.18839
0.2000 0.2000 0.8000 184.00011 1.16813
0.2000 0.2000 0.8000 192.00012 1.10088
0.2000 0.2000 0.8000 200.00012 1.12354
0.2000 0.2000 0.8000 208.00013 1.19237
0.2000 0.2000 0.8000 216.00013 1.26873
0.2000 0.2000 0.8000 224.00014 1.34374
0.2000 0.2000 0.8000 232.00014 1.46447
0.2000 0.2000 0.8000 240.00015 1.62066
0.2000 0.2000 0.8000 248.00015 1.75077
0.2000 0.2000 0.8000 256.00016 1.73951
0.2000 0.2000 0.8000 264.00016 1.68997
0.2000 0.2000 0.8000 272.00017 1.75476
0.2000 0.2000 0.8000 280.00017 1.771
0.2000 0.2000 0.8000 288.00017 1.74613
0.2000 0.2000 0.8000 296.00018 1.78199
0.2000 0.2000 0.8000 304.00018 1.62851
0.2000 0.2000 0.8000 312.00019 1.61433
0.2000 0.2000 0.8000 320.00019 1.70734
0.2000 0.2000 0.8000 328.00020 1.56943
0.2000 0.2000 0.8000 336.00020 1.57353
0.2000 0.2000 0.8000 344.00021 1.54486
0.2000 0.2000 0.8000 352.00021 1.51054
0.2000 0.2000 0.8000 360.00022 1.51119
0.2000 0.2000 0.8000 368.00022 1.61557
0.2000 0.2000 0.8000 376.00023 1.7862
0.2000 0.2000 0.8000 384.00023 2.10022
0.2000 0.2000 0.8000 392.00024 2.57516
0.2000 0.2000 0.8000 400.00024 2.80209
0.2000 0.2000 0.8000 408.00025 2.87002
0.2000 0.2000 0.8000 416.00025 2.85082
0.2000 0.2000 0.8000 424.00026 2.99433
0.2000 0.2000 0.8000 432.00026 3.21108
0.2000 0.2000 0.8000 440.00027 3.31766
0.2000 0.2000 0.8000 448.00027 3.32342
0.2000 0.2000 0.8000 456.00028 3.5318
0.2000 0.2000 0.8000 464.00028 3.41172
0.2000 0.2000 0.8000 472.00029 2.9019
0.2000 0.2000 0.8000 480.00029 2.81238
0.2000 0.2000 0.8000 488.00030 2.44618
0.2000 0.2000 0.8000 496.00030 2.20666
0.2000 0.2000 0.8000 504.00031 2.22544
0.2000 0.2000 0.8000 512.00031 2.09145
0.2000 0.2000 0.8000 520.00032 1.93062
0.2000 0.2000 0.8000 528.00032 1.86485
0.2000 0.2000 0.8000 536.00033 1.89308
0.2000 0.2000 0.8000 544.00033 1.85317
0.2000 0.2000 0.8000 552.00034 1.78929
0.2000 0.2000 0.8000 560.00034 1.76848
0.2000 0.2000 0.8000 568.00035 1.67546
0.2000 0.2000 0.8000 576.00035 1.58448
0.2000 0.2000 0.8000 584.00035 1.52261
0.2000 0.2000 0.8000 592.00036 1.5079
0.2000 0.2000 0.8000 600.00036 1.57429
0.2000 0.2000 0.8000 608.00037 1.8368
0.2000 0.2000 0.8000 616.00037 1.99905
0.2000 0.2000 0.8000 624.00038 1.85901
0.2000 0.2000 0.8000 632.00038 1.89821
0.2000 0.2000 0.8000 640.00039 1.89007
0.2000 0.2000 0.8000 648.00039 1.628
0.2000 0.2000 0.8000 656.00040 1.56951
0.2000 0.2000 0.8000 664.00040 1.59062
0.2000 0.2000 0.8000 672.00041 1.56278
0.2000 0.2000 0.8000 680.00041 1.53201
0.2000 0.2000 0.8000 688.00042 1.53605
0.2000 0.2000 0.8000 696.00042 1.4611
0.2000 0.2000 0.8000 704.00043 1.38879
0.2000 0.2000 0.8000 712.00043 1.48332
0.2000 0.2000 0.8000 720.00044 1.62259
0.2000 0.2000 0.8000 728.00044 1.64146
0.2000 0.2000 0.8000 736.00045 1.57882
0.2000 0.2000 0.8000 744.00045 1.52965
0.2000 0.2000 0.8000 752.00046 1.41344
0.2000 0.2000 0.8000 760.00046 1.32622
0.2000 0.2000 0.8000 768.00047 1.37836
0.2000 0.2000 0.8000 776.00047 1.49653
0.2000 0.2000 0.8000 784.00048 1.49124
0.2000 0.2000 0.8000 792.00048 1.37073
0.2000 0.2000 0.8000 800.00049 1.27638

0.2250 0.2250 0.7750 8.00000 0.0327624
0.2250 0.2250 0.7750 16.00001 0.0546637
0.2250 0.2250 0.7750 24.00001 0.0397265
0.2250 0.2250 0.7750 32.00002 0.0632737
0.2250 0.2250 0.7750 40.00002 0.11024
0.2250 0.2250 0.7750 48.00003 0.158716
0.2250 0.2250 0.7750 56.00003 0.221936
0.2250 0.2250 0.7750 64.00004 0.218109
0.2250 0.2250 0.7750 72.00004 0.209191
0.2250 0.2250 0.7750 80.00005 0.238948
0.2250 0.2250 0.7750 88.00005 0.276944
0.2250 0.2250 0.7750 96.00006 0.327551
0.2250 0.2250 0.7750 104.00006 0.383542
0.2250 0.2250 0.7750 112.00007 0.46188
0.2250 0.2250 0.7750 120.00007 0.586962
0.2250 0.2250 0.7750 128.00008 0.714687
0.2250 0.2250 0.7750 136.00008 0.817381
0.2250 0.2250 0.7750 144.00009 0.973515
0.2250 0.2250 0.7750 152.00009 0.997056
0.2250 0.2250 0.7750 160.00010 1.00001
0.2250 0.2250 0.7750 168.00010 1.01297
0.2250 0.2250 0.7750 176.00011 0.999517
0.2250 0.2250 0.7750 184.00011 1.03392
0.2250 0.2250 0.7750 192.00012 1.11041
0.2250 0.2250 0.7750 200.00012 1.15793
0.2250 0.2250 0.7750 208.00013 1.2348
0.2250 0.2250 0.7750 216.00013 1.31978
0.2250 0.2250 0.7750 224.00014 1.37859
0.2250 0.2250 0.7750 232.00014 1.51983
0.2250 0.2250 0.7750 240.00015 1.83142
0.2250 0.2250 0.7750 248.00015 1.80644
0.2250 0.2250 0.7750 256.00016 1.68094
0.2250 0.2250 0.7750 264.00016 1.75027
0.2250 0.2250 0.7750 272.00017 1.92477
0.2250 0.2250 0.7750 280.00017 2.10979
0.2250 0.2250 0.7750 288.00017 2.18849
0.2250 0.2250 0.7750 296.00018 2.28687
0.2250 0.2250 0.7750 304.00018 2.46071
0.2250 0.2250 0.7750 312.00019 2.25227
0.2250 0.2250 0.7750 320.00019 2.09958
0.2250 0.2250 0.7750 328.00020 2.11429
0.2250 0.2250 0.7750 336.00020 2.14901
0.2250 0.2250 0.7750 344.00021 2.07804
0.2250 0.2250 0.7750 352.00021 2.12761
0.2250 0.2250 0.7750 360.00022 2.23332
0.2250 0.2250 0.7750 368.00022 2.62372
0.2250 0.2250 0.7750 376.00023 2.74251
0.2250 0.2250 0.7750 384.00023 2.67403
0.2250 0.2250 0.7750 392.00024 2.6849
0.2250 0.2250 0.7750 400.00024 2.43821
0.2250 0.2250 0.7750 408.00025 2.18583
0.2250 0.2250 0.7750 416.00025 2.43537
0.2250 0.2250 0.7750 424.00026 2.61364
0.2250 0.2250 0.7750 432.00026 2.54249
0.2250 0.2250 0.7750 440.00027 2.47522
0.2250 0.2250 0.7750 448.00027 2.59336
0.2250 0.2250 0.7750 456.00028 2.39818
0.2250 0.2250 0.7750 464.00028 2.10907
0.2250 0.2250 0.7750 472.00029 2.02074
0.2250 0.2250 0.7750 480.00029 1.95081
0.2250 0.2250 0.7750 488.00030 2.08784
0.2250 0.2250 0.7750 496.00030 2.50493
0.2250 0.2250 0.7750 504.00031 2.91332
0.2250 0.2250 0.7750 512.00031 3.09722
0.2250 0.2250 0.7750 520.00032 3.42628
0.2250 0.2250 0.7750 528.00032 3.57883
0.2250 0.2250 0.7750 536.00033 3.41726
0.2250 0.2250 0.7750 544.00033 3.26397
0.2250 0.2250 0.7750 552.00034 3.03124
0.2250 0.2250 0.7750 560.00034 2.76305
0.2250 0.2250 0.7750 568.00035 2.49702
0.2250 0.2250 0.7750 576.00035 2.284
0.2250 0.2250 0.7750 584.00035 2.30807
0.2250 0.2250 0.7750 592.00036 2.29483
0.2250 0.2250 0.7750 600.00036 2.20196
0.2250 0.2250 0.7750 608.00037 2.35428
0.2250 0.2250 0.7750 616.00037 2.6114
0.2250 0.2250 0.7750 624.00038 2.66259
0.2250 0.2250 0.7750 632.00038 2.41555
0.2250 0.2250 0.7750 640.00039 2.17905
0.2250 0.2250 0.7750 648.00039 1.88839
0.2250 0.2250 0.7750 656.00040 1.67957
0.2250 0.2250 0.7750 664.00040 1.55331
0.2250 0.2250 0.7750 672.00041 1.41077
0.2250 0.2250 0.7750 680.00041 1.39291
0.2250 0.2250 0.7750 688.00042 1.4738
0.2250 0.2250 0.7750 696.00042 1.48731
0.2250 0.2250 0.7750 704.00043 1.40272
0.2250 0.2250 0.7750 712.00043 1.14158
0.2250 0.2250 0.7750 720.00044 1.02669
0.2250 0.2250 0.7750 728.00044 0.99687
0.2250 0.2250 0.7750 736.00045 0.926472
0.2250 0.2250 0.7750 744.00045 0.855692
0.2250 0.2250 0.7750 752.00046 0.853152
0.2250 0.2250 0.7750 760.00046 0.873738
0.2250 0.2250 0.7750 768.00047 0.883164
0.2250 0.2250 0.7750 776.00047 0.869502
0.2250 0.2250 0.7750 784.00048 0.897143
0.2250 0.2250 0.7750 792.00048 0.82319
0.2250 0.2250 0.7750 800.00049 0.784259

0.2500 0.2500 0.7500 8.00000 0.0135581
0.2500 0.2500 0.7500 16.00001 0.0705282
0.2500 0.2500 0.7500 24.00001 0.100755
0.2500 0.2500 0.7500 32.00002 0.155191
0.2500 0.2500 0.7500 40.00002 0.191357
0.2500 0.2500 0.7500 48.00003 0.163677
0.2500 0.2500 0.7500 56.00003 0.173575
0.2500 0.2500 0.7500 64.00004 0.329588
0.2500 0.2500 0.7500 72.00004 0.432059
0.2500 0.2500 0.7500 80.00005 0.398829
0.2500 0.2500 0.7500 88.00005 0.486212
0.2500 0.2500 0.7500 96.00006 0.601067
0.2500 0.2500 0.7500 104.00006 0.569307
0.2500 0.2500 0.7500 112.00007 0.549642
0.2500 0.2500 0.7500 120.00007 0.538241
0.2500 0.2500 0.7500 128.00008 0.520396
0.2500 0.2500 0.7500 136.00008 0.510877
0.2500 0.2500 0.7500 144.00009 0.53856
0.2500 0.2500 0.7500 152.00009 0.597014
0.2500 0.2500 0.7500 160.00010 0.661831
0.2500 0.2500 0.7500 168.00010 0.78046
0.2500 0.2500 0.7500 176.00011 0.900198
0.2500 0.2500 0.7500 184.00011 1.04896
0.2500 0.2500 0.7500 192.00012 1.33304
0.2500 0.2500 0.7500 200.00012 1.59224
0.2500 0.2500 0.7500 208.00013 1.61859
0.2500 0.2500 0.7500 216.00013 1.56041
0.2500 0.2500 0.7500 224.00014 1.62283
0.2500 0.2500 0.7500 232.00014 1.81167
0.2500 0.2500 0.7500 240.00015 2.17574
0.2500 0.2500 0.7500 248.00015 2.40393
0.2500 0.2500 0.7500 256.00016 2.26916
0.2500 0.2500 0.7500 264.00016 2.1787
0.2500 0.2500 0.7500 272.00017 2.45831
0.2500 0.2500 0.7500 280.00017 2.62078
0.2500 0.2500 0.7500 288.00017 2.68512
0.2500 0.2500 0.7500 296.00018 2.46341
0.2500 0.2500 0.7500 304.00018 2.30631
0.2500 0.2500 0.7500 312.00019 2.23529
0.2500 0.2500 0.7500 320.00019 2.28451
0.2500 0.2500 0.7500 328.00020 2.34325
0.2500 0.2500 0.7500 336.00020 2.45585
0.2500 0.2500 0.7500 344.00021 2.49312
0.2500 0.2500 0.7500 352.00021 2.48804
0.2500 0.2500 0.7500 360.00022 2.55628
0.2500 0.2500 0.7500 368.00022 2.45287
0.2500 0.2500 0.7500 376.00023 2.40036
0.2500 0.2500 0.7500 384.00023 2.64234
0.2500 0.2500 0.7500 392.00024 3.07319
0.2500 0.2500 0.7500 400.00024 3.49504
0.2500 0.2500 0.7500 408.00025 3.14906
0.2500 0.2500 0.7500 416.00025 2.62172
0.2500 0.2500 0.7500 424.00026 2.38149
0.2500 0.2500 0.7500 432.00026 2.66338
0.2500 0.2500 0.7500 440.00027 2.90181
0.2500 0.2500 0.7500 448.00027 3.05285
0.2500 0.2500 0.7500 456.00028 3.16135
0.2500 0.2500 0.7500 464.00028 3.03176
0.2500 0.2500 0.7500 472.00029 2.83582
0.2500 0.2500 0.7500 480.00029 2.52469
0.2500 0.2500 0.7500 488.00030 2.29094
0.2500 0.2500 0.7500 496.00030 2.37866
0.2500 0.2500 0.7500 504.00031 2.61725
0.2500 0.2500 0.7500 512.00031 2.69322
0.2500 0.2500 0.7500 520.00032 2.70939
0.2500 0.2500 0.7500 528.00032 2.67144
0.2500 0.2500 0.7500 536.00033 2.61987
0.2500 0.2500 0.7500 544.00033 2.41921
0.2500 0.2500 0.7500 552.00034 2.33343
0.2500 0.2500 0.7500 560.00034 2.28443
0.2500 0.2500 0.7500 568.00035 2.09127
0.2500 0.2500 0.7500 576.00035 2.09321
0.2500 0.2500 0.7500 584.00035 2.13586
0.2500 0.2500 0.7500 592.00036 2.37678
0.2500 0.2500 0.7500 600.00036 2.4939
0.2500 0.2500 0.7500 608.00037 2.19426
0.2500 0.2500 0.7500 616.00037 2.04336
0.2500 0.2500 0.7500 624.00038 2.087
0.2500 0.2500 0.7500 632.00038 2.242
0.2500 0.2500 0.7500 640.00039 2.04908
0.2500 0.2500 0.7500 648.00039 1.80397
0.2500 0.2500 0.7500 656.00040 1.69893
0.2500 0.2500 0.7500 664.00040 1.68587
0.2500 0.2500 0.7500 672.00041 1.72377
0.2500 0.2500 0.7500 680.00041 1.68097
0.2500 0.2500 0.7500 688.00042 1.40063
0.2500 0.2500 0.7500 696.00042 1.31516
0.2500 0.2500 0.7500 704.00043 1.35169
0.2500 0.2500 0.7500 712.00043 1.33555
0.2500 0.2500 0.7500 720.00044 1.25477
0.2500 0.2500 0.7500 728.00044 1.18431
0.2500 0.2500 0.7500 736.00045 1.14379
0.2500 0.2500 0.7500 744.00045 1.08828
0.2500 0.2500 0.7500 752.00046 1.10601
0.2500 0.2500 0.7500 760.00046 1.20643
0.2500 0.2500 0.7500 768.00047 1.24965
0.2500 0.2500 0.7500 776.00047 1.20499
0.2500 0.2500 0.7500 784.00048 1.07521
0.2500 0.2500 0.7500 792.00048 0.93126
0.2500 0.2500 0.7500 800.00049 0.865782

0.2750 0.2750 0.7250 8.00000 0.0145356
0.2750 0.2750 0.7250 16.00001 0.0303441
0.2750 0.2750 0.7250 24.00001 0.0814778
0.2750 0.2750 0.7250 32.00002 0.0893154
0.2750 0.2750 0.7250 40.00002 0.169203
0.2750 0.2750 0.7250 48.00003 0.187224
0.2750 0.2750 0.7250 56.00003 0.222389
0.2750 0.2750 0.7250 64.00004 0.214328
0.2750 0.2750 0.7250 72.00004 0.267534
0.2750 0.2750 0.7250 80.00005 0.29753
0.2750 0.2750 0.7250 88.00005 0.337777
0.2750 0.2750 0.7250 96.00006 0.35113
0.2750 0.2750 0.7250 104.00006 0.420267
0.2750 0.2750 0.7250 112.00007 0.469994
0.2750 0.2750 0.7250 120.00007 0.505564
0.2750 0.2750 0.7250 128.00008 0.64179
0.2750 0.2750 0.7250 136.00008 0.780859
0.2750 0.2750 0.7250 144.00009 0.834018
0.2750 0.2750 0.7250 152.00009 0.958106
0.2750 0.2750 0.7250 160.00010 1.17989
0.2750 0.2750 0.7250 168.00010 1.22608
0.2750 0.2750 0.7250 176.00011 1.23079
0.2750 0.2750 0.7250 184.00011 1.39366
0.2750 0.2750 0.7250 192.00012 1.5613
0.2750 0.2750 0.7250 200.00012 1.53865
0.2750 0.2750 0.7250 208.00013 1.42927
0.2750 0.2750 0.7250 216.00013 1.3948
0.2750 0.2750 0.7250 224.00014 1.68359
0.2750 0.2750 0.7250 232.00014 1.91693
0.2750 0.2750 0.7250 240.00015 1.91615
0.2750 0.2750 0.7250 248.00015 2.17583
0.2750 0.2750 0.7250 256.00016 2.46781
0.2750 0.2750 0.7250 264.00016 2.56408
0.2750 0.2750 0.7250 272.00017 2.79915
0.2750 0.2750 0.7250 280.00017 3.03998
0.2750 0.2750 0.7250 288.00017 3.31402
0.2750 0.2750 0.7250 296.00018 3.33577
0.2750 0.2750 0.7250 304.00018 3.38204
0.2750 0.2750 0.7250 312.00019 3.20568
0.2750 0.2750 0.7250 320.00019 2.89604
0.2750 0.2750 0.7250 328.00020 3.05185
0.2750 0.2750 0.7250 336.00020 3.46333
0.2750 0.2750 0.7250 344.00021 3.8396
0.2750 0.2750 0.7250 352.00021 4.24685
0.2750 0.2750 0.7250 360.00022 3.87294
0.2750 0.2750 0.7250 368.00022 3.32422
0.2750 0.2750 0.7250 376.00023 2.74454
0.2750 0.2750 0.7250 384.00023 2.60562
0.2750 0.2750 0.7250 392.00024 2.57383
0.2750 0.2750 0.7250 400.00024 2.51369
0.2750 0.2750 0.7250 408.00025 2.51892
0.2750 0.2750 0.7250 416.00025 2.78865
0.2750 0.2750 0.7250 424.00026 2.96487
0.2750 0.2750 0.7250 432.00026 2.63146
0.2750 0.2750 0.7250 440.00027 2.36031
0.2750 0.2750 0.7250 448.00027 2.283
0.2750 0.2750 0.7250 456.00028 2.27249
0.2750 0.2750 0.7250 464.00028 2.36797
0.2750 0.2750 0.7250 472.00029 2.50921
0.2750 0.2750 0.7250 480.00029 2.54789
0.2750 0.2750 0.7250 488.00030 2.50336
0.2750 0.2750 0.7250 496.00030 2.47543
0.2750 0.2750 0.7250 504.00031 2.65937
0.2750 0.2750 0.7250 512.00031 2.98837
0.2750 0.2750 0.7250 520.00032 3.0496
0.2750 0.2750 0.7250 528.00032 2.72372
0.2750 0.2750 0.7250 536.00033 2.36834
0.2750 0.2750 0.7250 544.00033 2.05202
0.2750 0.2750 0.7250 552.00034 1.94245
0.2750 0.2750 0.7250 560.00034 1.99949
0.2750 0.2750 0.7250 568.00035 2.18083
0.2750 0.2750 0.7250 576.00035 2.06413
0.2750 0.2750 0.7250 584.00035 1.93054
0.2750 0.2750 0.7250 592.00036 1.85375
0.2750 0.2750 0.7250 600.00036 1.81842
0.2750 0.2750 0.7250 608.00037 1.76606
0.2750 0.2750 0.7250 616.00037 1.67459
0.2750 0.2750 0.7250 624.00038 1.59414
0.2750 0.2750 0.7250 632.00038 1.57598
0.2750 0.2750 0.7250 640.00039 1.58397
0.2750 0.2750 0.7250 648.00039 1.5224
0.2750 0.2750 0.7250 656.00040 1.5043
0.2750 0.2750 0.7250 664.00040 1.41329
0.2750 0.2750 0.7250 672.00041 1.31329
0.2750 0.2750 0.7250 680.00041 1.25566
0.2750 0.2750 0.7250 688.00042 1.14933
0.2750 0.2750 0.7250 696.00042 1.10161
0.2750 0.2750 0.7250 704.00043 1.13794
0.2750 0.2750 0.7250 712.00043 1.12705
0.2750 0.2750 0.7250 720.00044 1.1449
0.2750 0.2750 0.7250 728.00044 1.16883
0.2750 0.2750 0.7250 736.00045 1.15839
0.2750 0.2750 0.7250 744.00045 1.20927
0.2750 0.2750 0.7250 752.00046 1.20921
0.2750 0.2750 0.7250 760.00046 1.08598
0.2750 0.2750 0.7250 768.00047 0.999302
0.2750 0.2750 0.7250 776.00047 0.949675
0.2750 0.2750 0.7250 784.00048 0.861517
0.2750 0.2750 0.7250 792.00048 0.803275
0.2750 0.2750 0.7250 800.00049 0.745643

0.3000 0.3000 0.7000 8.00000 0.0140735
0.3000 0.3000 0.7000 16.00001 0.0453306
0.3000 0.3000 0.7000 24.00001 0.0641176
0.3000 0.3000 0.7000 32.00002 0.0764319
0.3000 0.3000 0.7000 40.00002 0.113709
0.3000 0.3000 0.7000 48.00003 0.149818
0.3000 0.3000 0.7000 56.00003 0.17923
0.3000 0.3000 0.7000 64.00004 0.191951
0.3000 0.3000 0.7000 72.00004 0.221857
0.3000 0.3000 0.7000 80.00005 0.254117
0.3000 0.3000 0.7000 88.00005 0.326055
0.3000 0.3000 0.7000 96.00006 0.35896
0.3000 0.3000 0.7000 104.00006 0.359941
0.3000 0.3000 0.7000 112.00007 0.406934
0.3000 0.3000 0.7000 120.00007 0.526397
0.3000 0.3000 0.7000 128.00008 0.631037
0.3000 0.3000 0.7000 136.00008 0.722073
0.3000 0.3000 0.7000 144.00009 0.712968
0.3000 0.3000 0.7000 152.00009 0.679914
0.3000 0.3000 0.7000 160.00010 0.722572
0.3000 0.3000 0.7000 168.00010 0.841482
0.3000 0.3000 0.7000 176.00011 0.930229
0.3000 0.3000 0.7000 184.00011 0.96853
0.3000 0.3000 0.7000 192.00012 1.11447
0.3000 0.3000 0.7000 200.00012 1.28236
0.3000 0.3000 0.7000 208.00013 1.46791
0.3000 0.3000 0.7000 216.00013 1.84806
0.3000 0.3000 0.7000 224.00014 2.47521
0.3000 0.3000 0.7000 232.00014 2.99709
0.3000 0.3000 0.7000 240.00015 2.91801
0.3000 0.3000 0.7000 248.00015 2.76167
0.3000 0.3000 0.7000 256.00016 2.63542
0.3000 0.3000 0.7000 264.00016 2.56238
0.3000 0.3000 0.7000 272.00017 2.60741
0.3000 0.3000 0.7000 280.00017 2.7975
0.3000 0.3000 0.7000 288.00017 2.82773
0.3000 0.3000 0.7000 296.00018 3.18585
0.3000 0.3000 0.7000 304.00018 3.75581
0.3000 0.3000 0.7000 312.00019 3.87103
0.3000 0.3000 0.7000 320.00019 4.51456
0.3000 0.3000 0.7000 328.00020 5.34168
0.3000 0.3000 0.7000 336.00020 5.35958
0.3000 0.3000 0.7000 344.00021 4.3732
0.3000 0.3000 0.7000 352.00021 4.04947
0.3000 0.3000 0.7000 360.00022 3.76117
0.3000 0.3000 0.7000 368.00022 3.52321
0.3000 0.3000 0.7000 376.00023 3.69183
0.3000 0.3000 0.7000 384.00023 3.80051
0.3000 0.3000 0.7000 392.00024 3.78106
0.3000 0.3000 0.7000 400.00024 4.29127
0.3000 0.3000 0.7000 408.00025 4.21175
0.3000 0.3000 0.7000 416.00025 3.42328
0.3000 0.3000 0.7000 424.00026 3.16052
0.3000 0.3000 0.7000 432.00026 2.98506
0.3000 0.3000 0.7000 440.00027 2.52313
0.3000 0.3000 0.7000 448.00027 2.25447
0.3000 0.3000 0.7000 456.00028 2.01932
0.3000 0.3000 0.7000 464.00028 1.86919
0.3000 0.3000 0.7000 472.00029 1.91985
0.3000 0.3000 0.7000 480.00029 1.96052
0.3000 0.3000 0.7000 488.00030 1.76459
0.3000 0.3000 0.7000 496.00030 1.74922
0.3000 0.3000 0.7000 504.00031 1.90182
0.3000 0.3000 0.7000 512.00031 1.9824
0.3000 0.3000 0.7000 520.00032 1.83865
0.3000 0.3000 0.7000 528.00032 1.80452
0.3000 0.3000 0.7000 536.00033 1.77189
0.3000 0.3000 0.7000 544.00033 1.75906
0.3000 0.3000 0.7000 552.00034 1.73146
0.3000 0.3000 0.7000 560.00034 1.62849
0.3000 0.3000 0.7000 568.00035 1.55711
0.3000 0.3000 0.7000 576.00035 1.47067
0.3000 0.3000 0.7000 584.00035 1.39771
0.3000 0.3000 0.7000 592.00036 1.38051
0.3000 0.3000 0.7000 600.00036 1.50246
0.3000 0.3000 0.7000 608.00037 1.53377
0.3000 0.3000 0.7000 616.00037 1.49615
0.3000 0.3000 0.7000 624.00038 1.52097
0.3000 0.3000 0.7000 632.00038 1.60247
0.3000 0.3000 0.7000 640.00039 1.44257
0.3000 0.3000 0.7000 648.00039 1.29001
0.3000 0.3000 0.7000 656.00040 1.3023
0.3000 0.3000 0.7000 664.00040 1.3456
0.3000 0.3000 0.7000 672.00041 1.29066
0.3000 0.3000 0.7000 680.00041 1.18261
0.3000 0.3000 0.7000 688.00042 1.03651
0.3000 0.3000 0.7000 696.00042 0.951322
0.3000 0.3000 0.7000 704.00043 0.948912
0.3000 0.3000 0.7000 712.00043 0.986631
0.3000 0.3000 0.7000 720.00044 0.963704
0.3000 0.3000 0.7000 728.00044 0.91106
0.3000 0.3000 0.7000 736.00045 0.869121
0.3000 0.3000 0.7000 744.00045 0.807478
0.3000 0.3000 0.7000 752.00046 0.755307
0.3000 0.3000 0.7000 760.00046 0.744873
0.3000 0.3000 0.7000 768.00047 0.762888
0.3000 0.3000 0.7000 776.00047 0.816832
0.3000 0.3000 0.7000 784.00048 0.8042
0.3000 0.3000 0.7000 792.00048 0.800858
0.3000 0.3000 0.7000 800.00049 0.764258

0.3250 0.3250 0.6750 8.00000 0.0104736
0.3250 0.3250 0.6750 16.00001 0.0141489
0.3250 0.3250 0.6750 24.00001 0.0471751
0.3250 0.3250 0.6750 32.00002 0.0737421
0.3250 0.3250 0.6750 40.00002 0.115205
0.3250 0.3250 0.6750 48.00003 0.0965573
0.3250 0.3250 0.6750 56.00003 0.144297
0.3250 0.3250 0.6750 64.00004 0.151659
0.3250 0.3250 0.6750 72.00004 0.176694
0.3250 0.3250 0.6750 80.00005 0.224929
0.3250 0.3250 0.6750 88.00005 0.264953
0.3250 0.3250 0.6750 96.00006 0.31221
0.3250 0.3250 0.6750 104.00006 0.318134
0.3250 0.3250 0.6750 112.00007 0.368614
0.3250 0.3250 0.6750 120.00007 0.453308
0.3250 0.3250 0.6750 128.00008 0.490393
0.3250 0.3250 0.6750 136.00008 0.579442
0.3250 0.3250 0.6750 144.00009 0.632838
0.3250 0.3250 0.6750 152.00009 0.634367
0.3250 0.3250 0.6750 160.00010 0.765553
0.3250 0.3250 0.6750 168.00010 0.985776
0.3250 0.3250 0.6750 176.00011 1.08345
0.3250 0.3250 0.6750 184.00011 1.24384
0.3250 0.3250 0.6750 192.00012 1.38544
0.3250 0.3250 0.6750 200.00012 1.51537
0.3250 0.3250 0.6750 208.00013 1.62076
0.3250 0.3250 0.6750 216.00013 1.81643
0.3250 0.3250 0.6750 224.00014 2.08007
0.3250 0.3250 0.6750 232.00014 2.05481
0.3250 0.3250 0.6750 240.00015 2.00825
0.3250 0.3250 0.6750 248.00015 2.16899
0.3250 0.3250 0.6750 256.00016 2.2998
0.3250 0.3250 0.6750 264.00016 2.88665
0.3250 0.3250 0.6750 272.00017 3.42369
0.3250 0.3250 0.6750 280.00017 3.07213
0.3250 0.3250 0.6750 288.00017 3.12492
0.3250 0.3250 0.6750 296.00018 3.70496
0.3250 0.3250 0.6750 304.00018 4.73308
0.3250 0.3250 0.6750 312.00019 5.44902
0.3250 0.3250 0.6750 320.00019 6.03133
0.3250 0.3250 0.6750 328.00020 6.54206
0.3250 0.3250 0.6750 336.00020 5.5987
0.3250 0.3250 0.6750 344.00021 4.85479
0.3250 0.3250 0.6750 352.00021 5.25727
0.3250 0.3250 0.6750 360.00022 4.96983
0.3250 0.3250 0.6750 368.00022 4.20945
0.3250 0.3250 0.6750 376.00023 4.16799
0.3250 0.3250 0.6750 384.00023 4.2058
0.3250 0.3250 0.6750 392.00024 3.96877
0.3250 0.3250 0.6750 400.00024 3.5512
0.3250 0.3250 0.6750 408.00025 3.26795
0.3250 0.3250 0.6750 416.00025 3.32855
0.3250 0.3250 0.6750 424.00026 3.26214
0.3250 0.3250 0.6750 432.00026 2.95612
0.3250 0.3250 0.6750 440.00027 2.93602
0.3250 0.3250 0.6750 448.00027 3.02946
0.3250 0.3250 0.6750 456.00028 2.73458
0.3250 0.3250 0.6750 464.00028 2.20249
0.3250 0.3250 0.6750 472.00029 2.06056
0.3250 0.3250 0.6750 480.00029 1.94995
0.3250 0.3250 0.6750 488.00030 1.8968
0.3250 0.3250 0.6750 496.00030 1.70436
0.3250 0.3250 0.6750 504.00031 1.5207
0.3250 0.3250 0.6750 512.00031 1.36811
0.3250 0.3250 0.6750 520.00032 1.39191
0.3250 0.3250 0.6750 528.00032 1.46754
0.3250 0.3250 0.6750 536.00033 1.3011
0.3250 0.3250 0.6750 544.00033 1.14129
0.3250 0.3250 0.6750 552.00034 1.14824
0.3250 0.3250 0.6750 560.00034 1.2173
0.3250 0.3250 0.6750 568.00035 1.127
0.3250 0.3250 0.6750 576.00035 1.01869
0.3250 0.3250 0.6750 584.00035 0.959406
0.3250 0.3250 0.6750 592.00036 0.919153
0.3250 0.3250 0.6750 600.00036 0.936905
0.3250 0.3250 0.6750 608.00037 0.960536
0.3250 0.3250 0.6750 616.00037 1.02509
0.3250 0.3250 0.6750 624.00038 1.01331
0.3250 0.3250 0.6750 632.00038 1.05149
0.3250 0.3250 0.6750 640.00039 1.06958
0.3250 0.3250 0.6750 648.00039 1.16638
0.3250 0.3250 0.6750 656.00040 1.14146
0.3250 0.3250 0.6750 664.00040 0.982332
0.3250 0.3250 0.6750 672.00041 0.905289
0.3250 0.3250 0.6750 680.00041 0.866626
0.3250 0.3250 0.6750 688.00042 0.859825
0.3250 0.3250 0.6750 696.00042 0.908384
0.3250 0.3250 0.6750 704.00043 0.845772
0.3250 0.3250 0.6750 712.00043 0.782234
0.3250 0.3250 0.6750 720.00044 0.771626
0.3250 0.3250 0.6750 728.00044 0.750048
0.3250 0.3250 0.6750 736.00045 0.773273
0.3250 0.3250 0.6750 744.00045 0.81767
0.3250 0.3250 0.6750 752.00046 0.800261
0.3250 0.3250 0.6750 760.00046 0.740259
0.3250 0.3250 0.6750 768.00047 0.654635
0.3250 0.3250 0.6750 776.00047 0.57914
0.3250 0.3250 0.6750 784.00048 0.515788
0.3250 0.3250 0.6750 792.00048 0.493032
0.3250 0.3250 0.6750 800.00049 0.509783

0.3500 0.3500 0.6500 8.00000 0.007265
0.3500 0.3500 0.6500 16.00001 0.0255832
0.3500 0.3500 0.6500 24.00001 0.0267311
0.3500 0.3500 0.6500 32.00002 0.0445516
0.3500 0.3500 0.6500 40.00002 0.0542359
0.3500 0.3500 0.6500 48.00003 0.0993602
0.3500 0.3500 0.6500 56.00003 0.196674
0.3500 0.3500 0.6500 64.00004 0.184788
0.3500 0.3500 0.6500 72.00004 0.169119
0.3500 0.3500 0.6500 80.00005 0.174344
0.3500 0.3500 0.6500 88.00005 0.195693
0.3500 0.3500 0.6500 96.00006 0.251818
0.3500 0.3500 0.6500 104.00006 0.314967
0.3500 0.3500 0.6500 112.00007 0.358374
0.3500 0.3500 0.6500 120.00007 0.389615
0.3500 0.3500 0.6500 128.00008 0.419105
0.3500 0.3500 0.6500 136.00008 0.472068
0.3500 0.3500 0.6500 144.00009 0.496229
0.3500 0.3500 0.6500 152.00009 0.557243
0.3500 0.3500 0.6500 160.00010 0.696814
0.3500 0.3500 0.6500 168.00010 0.866128
0.3500 0.3500 0.6500 176.00011 0.96157
0.3500 0.3500 0.6500 184.00011 1.0568
0.3500 0.3500 0.6500 192.00012 1.12491
0.3500 0.3500 0.6500 200.00012 1.31235
0.3500 0.3500 0.6500 208.00013 1.4925
0.3500 0.3500 0.6500 216.00013 1.59082
0.3500 0.3500 0.6500 224.00014 1.91492
0.3500 0.3500 0.6500 232.00014 2.40403
0.3500 0.3500 0.6500 240.00015 2.62027
0.3500 0.3500 0.6500 248.00015 2.39258
0.3500 0.3500 0.6500 256.00016 2.4264
0.3500 0.3500 0.6500 264.00016 2.9428
0.3500 0.3500 0.6500 272.00017 3.55949
0.3500 0.3500 0.6500 280.00017 4.12734
0.3500 0.3500 0.6500 288.00017 4.65598
0.3500 0.3500 0.6500 296.00018 4.66917
0.3500 0.3500 0.6500 304.00018 4.96298
0.3500 0.3500 0.6500 312.00019 4.92934
0.3500 0.3500 0.6500 320.00019 4.80201
0.3500 0.3500 0.6500 328.00020 5.36989
0.3500 0.3500 0.6500 336.00020 6.41021
0.3500 0.3500 0.6500 344.00021 5.8821
0.3500 0.3500 0.6500 352.00021 5.25098
0.3500 0.3500 0.6500 360.00022 5.94251
0.3500 0.3500 0.6500 368.00022 6.76642
0.3500 0.3500 0.6500 376.00023 6.17926
0.3500 0.3500 0.6500 384.00023 4.97928
0.3500 0.3500 0.6500 392.00024 3.91829
0.3500 0.3500 0.6500 400.00024 3.38142
0.3500 0.3500 0.6500 408.00025 3.11748
0.3500 0.3500 0.6500 416.00025 2.90964
0.3500 0.3500 0.6500 424.00026 2.71147
0.3500 0.3500 0.6500 432.00026 2.76629
0.3500 0.3500 0.6500 440.00027 2.50882
0.3500 0.3500 0.6500 448.00027 2.34504
0.3500 0.3500 0.6500 456.00028 2.15168
0.3500 0.3500 0.6500 464.00028 1.95091
0.3500 0.3500 0.6500 472.00029 1.91962
0.3500 0.3500 0.6500 480.00029 1.99926
0.3500 0.3500 0.6500 488.00030 1.86825
0.3500 0.3500 0.6500 496.00030 1.56999
0.3500 0.3500 0.6500 504.00031 1.40494
0.3500 0.3500 0.6500 512.00031 1.28182
0.3500 0.3500 0.6500 520.00032 1.19824
0.3500 0.3500 0.6500 528.00032 1.09266
0.3500 0.3500 0.6500 536.00033 1.04695
0.3500 0.3500 0.6500 544.00033 1.01084
0.3500 0.3500 0.6500 552.00034 0.981792
0.3500 0.3500 0.6500 560.00034 0.940845
0.3500 0.3500 0.6500 568.00035 0.937527
0.3500 0.3500 0.6500 576.00035 0.882555
0.3500 0.3500 0.6500 584.00035 0.843859
0.3500 0.3500 0.6500 592.00036 0.798217
0.3500 0.3500 0.6500 600.00036 0.801666
0.3500 0.3500 0.6500 608.00037 0.744443
0.3500 0.3500 0.6500 616.00037 0.68536
0.3500 0.3500 0.6500 624.00038 0.732615
0.3500 0.3500 0.6500 632.00038 0.78207
0.3500 0.3500 0.6500 640.00039 0.755921
0.3500 0.3500 0.6500 648.00039 0.674315
0.3500 0.3500 0.6500 656.00040 0.624799
0.3500 0.3500 0.6500 664.00040 0.612713
0.3500 0.3500 0.6500 672.00041 0.633407
0.3500 0.3500 0.6500 680.00041 0.654466
0.3500 0.3500 0.6500 688.00042 0.633745
0.3500 0.3500 0.6500 696.00042 0.602747
0.3500 0.3500 0.6500 704.00043 0.590899
0.3500 0.3500 0.6500 712.00043 0.603823
0.3500 0.3500 0.6500 720.00044 0.648037
0.3500 0.3500 0.6500 728.00044 0.668329
0.3500 0.3500 0.6500 736.00045 0.628084
0.3500 0.3500 0.6500 744.00045 0.58001
0.3500 0.3500 0.6500 752.00046 0.556165
0.3500 0.3500 0.6500 760.00046 0.518201
0.3500 0.3500 0.6500 768.00047 0.445568
0.3500 0.3500 0.6500 776.00047 0.419256
0.3500 0.3500 0.6500 784.00048 0.443762
0.3500 0.3500 0.6500 792.00048 0.460682
0.3500 0.3500 0.6500 800.00049 0.491786

0.3750 0.3750 0.6250 8.00000 0.0145243
0.3750 0.3750 0.6250 16.00001 0.0123621
0.3750 0.3750 0.6250 24.00001 0.047878
0.3750 0.3750 0.6250 32.00002 0.0463114
0.3750 0.3750 0.6250 40.00002 0.0503149
0.3750 0.3750 0.6250 48.00003 0.0652472
0.3750 0.3750 0.6250 56.00003 0.0733368
0.3750 0.3750 0.6250 64.00004 0.103774
0.3750 0.3750 0.6250 72.00004 0.128559
0.3750 0.3750 0.6250 80.00005 0.150643
0.3750 0.3750 0.6250 88.00005 0.196877
0.3750 0.3750 0.6250 96.00006 0.218307
0.3750 0.3750 0.6250 104.00006 0.246079
0.3750 0.3750 0.6250 112.00007 0.279197
0.3750 0.3750 0.6250 120.00007 0.274934
0.3750 0.3750 0.6250 128.00008 0.296148
0.3750 0.3750 0.6250 136.00008 0.330047
0.3750 0.3750 0.6250 144.00009 0.360491
0.3750 0.3750 0.6250 152.00009 0.457231
0.3750 0.3750 0.6250 160.00010 0.606237
0.3750 0.3750 0.6250 168.00010 0.693267
0.3750 0.3750 0.6250 176.00011 0.759036
0.3750 0.3750 0.6250 184.00011 0.970476
0.3750 0.3750 0.6250 192.00012 1.28328
0.3750 0.3750 0.6250 200.00012 1.44302
0.3750 0.3750 0.6250 208.00013 1.61377
0.3750 0.3750 0.6250 216.00013 1.838
0.3750 0.3750 0.6250 224.00014 1.83759
0.3750 0.3750 0.6250 232.00014 1.98107
0.3750 0.3750 0.6250 240.00015 2.2922
0.3750 0.3750 0.6250 248.00015 2.67484
0.3750 0.3750 0.6250 256.00016 2.96951
0.3750 0.3750 0.6250 264.00016 3.50181
0.3750 0.3750 0.6250 272.00017 3.67244
0.3750 0.3750 0.6250 280.00017 4.24468
0.3750 0.3750 0.6250 288.00017 4.97231
0.3750 0.3750 0.6250 296.00018 5.70774
0.3750 0.3750 0.6250 304.00018 6.18784
0.3750 0.3750 0.6250 312.00019 6.45004
0.3750 0.3750 0.6250 320.00019 6.58049
0.3750 0.3750 0.6250 328.00020 6.17588
0.3750 0.3750 0.6250 336.00020 6.1114
0.3750 0.3750 0.6250 344.00021 6.73941
0.3750 0.3750 0.6250 352.00021 5.91576
0.3750 0.3750 0.6250 360.00022 4.85513
0.3750 0.3750 0.6250 368.00022 4.81843
0.3750 0.3750 0.6250 376.00023 4.80143
0.3750 0.3750 0.6250 384.00023 4.96772
0.3750 0.3750 0.6250 392.00024 4.7721
0.3750 0.3750 0.6250 400.00024 3.85782
0.3750 0.3750 0.6250 408.00025 2.75107
0.3750 0.3750 0.6250 416.00025 2.26983
0.3750 0.3750 0.6250 424.00026 1.95426
0.3750 0.3750 0.6250 432.00026 1.8451
0.3750 0.3750 0.6250 440.00027 1.81422
0.3750 0.3750 0.6250 448.00027 1.91674
0.3750 0.3750 0.6250 456.00028 1.92785
0.3750 0.3750 0.6250 464.00028 1.81945
0.3750 0.3750 0.6250 472.00029 1.64823
0.3750 0.3750 0.6250 480.00029 1.46454
0.3750 0.3750 0.6250 488.00030 1.39389
0.3750 0.3750 0.6250 496.00030 1.2882
0.3750 0.3750 0.6250 504.00031 1.0938
0.3750 0.3750 0.6250 512.00031 0.963263
0.3750 0.3750 0.6250 520.00032 0.92864
0.3750 0.3750 0.6250 528.00032 0.847356
0.3750 0.3750 0.6250 536.00033 0.789574
0.3750 0.3750 0.6250 544.00033 0.744239
0.3750 0.3750 0.6250 552.00034 0.695638
0.3750 0.3750 0.6250 560.00034 0.690088
0.3750 0.3750 0.6250 568.00035 0.702965
0.3750 0.3750 0.6250 576.00035 0.685273
0.3750 0.3750 0.6250 584.00035 0.708286
0.3750 0.3750 0.6250 592.00036 0.722175
0.3750 0.3750 0.6250 600.00036 0.700582
0.3750 0.3750 0.6250 608.00037 0.68304
0.3750 0.3750 0.6250 616.00037 0.597159
0.3750 0.3750 0.6250 624.00038 0.53206
0.3750 0.3750 0.6250 632.00038 0.522704
0.3750 0.3750 0.6250 640.00039 0.569459
0.3750 0.3750 0.6250 648.00039 0.607749
0.3750 0.3750 0.6250 656.00040 0.650555
0.3750 0.3750 0.6250 664.00040 0.693376
0.3750 0.3750 0.6250 672.00041 0.706656
0.3750 0.3750 0.6250 680.00041 0.682752
0.3750 0.3750 0.6250 688.00042 0.654997
0.3750 0.3750 0.6250 696.00042 0.636632
0.3750 0.3750 0.6250 704.00043 0.637487
0.3750 0.3750 0.6250 712.00043 0.626056
0.3750 0.3750 0.6250 720.00044 0.593204
0.3750 0.3750 0.6250 728.00044 0.544008
0.3750 0.3750 0.6250 736.00045 0.514716
0.3750 0.3750 0.6250 744.00045 0.520218
0.3750 0.3750 0.6250 752.00046 0.524387
0.3750 0.3750 0.6250 760.00046 0.510681
0.3750 0.3750 0.6250 768.00047 0.504329
0.3750 0.3750 0.6250 776.00047 0.512366
0.3750 0.3750 0.6250 784.00048 0.526954
0.3750 0.3750 0.6250 792.00048 0.507039
0.3750 0.3750 0.6250 800.00049 0.489241

0.4000 0.4000 0.6000 8.00000 0.0048625
0.4000 0.4000 0.6000 16.00001 0.0181614
0.4000 0.4000 0.6000 24.00001 0.024875
0.4000 0.4000 0.6000 32.00002 0.0398462
0.4000 0.4000 0.6000 40.00002 0.0516273
0.4000 0.4000 0.6000 48.00003 0.0693861
0.4000 0.4000 0.6000 56.00003 0.0977231
0.4000 0.4000 0.6000 64.00004 0.0951647
0.4000 0.4000 0.6000 72.00004 0.112266
0.4000 0.4000 0.6000 80.00005 0.165028
0.4000 0.4000 0.6000 88.00005 0.209393
0.4000 0.4000 0.6000 96.00006 0.243122
0.4000 0.4000 0.6000 104.00006 0.3063
0.4000 0.4000 0.6000 112.00007 0.361104
0.4000 0.4000 0.6000 120.00007 0.377049
0.4000 0.4000 0.6000 128.00008 0.409572
0.4000 0.4000 0.6000 136.00008 0.5058
0.4000 0.4000 0.6000 144.00009 0.653941
0.4000 0.4000 0.6000 152.00009 0.749068
0.4000 0.4000 0.6000 160.00010 0.809508
0.4000 0.4000 0.6000 168.00010 0.890751
0.4000 0.4000 0.6000 176.00011 1.01449
0.4000 0.4000 0.6000 184.00011 1.1936
0.4000 0.4000 0.6000 192.00012 1.31583
0.4000 0.4000 0.6000 200.00012 1.48657
0.4000 0.4000 0.6000 208.00013 1.59898
0.4000 0.4000 0.6000 216.00013 1.75245
0.4000 0.4000 0.6000 224.00014 2.06793
0.4000 0.4000 0.6000 232.00014 2.21848
0.4000 0.4000 0.6000 240.00015 2.27327
0.4000 0.4000 0.6000 248.00015 2.60709
0.4000 0.4000 0.6000 256.00016 2.90322
0.4000 0.4000 0.6000 264.00016 3.35764
0.4000 0.4000 0.6000 272.00017 3.76877
0.4000 0.4000 0.6000 280.00017 3.53268
0.4000 0.4000 0.6000 288.00017 3.75566
0.4000 0.4000 0.6000 296.00018 4.46538
0.4000 0.4000 0.6000 304.00018 4.65861
0.4000 0.4000 0.6000 312.00019 4.55854
0.4000 0.4000 0.6000 320.00019 4.29685
0.4000 0.4000 0.6000 328.00020 4.03425
0.4000 0.4000 0.6000 336.00020 3.86101
0.4000 0.4000 0.6000 344.00021 3.74842
0.4000 0.4000 0.6000 352.00021 3.69273
0.4000 0.4000 0.6000 360.00022 3.7727
0.4000 0.4000 0.6000 368.00022 3.60735
0.4000 0.4000 0.6000 376.00023 3.83398
0.4000 0.4000 0.6000 384.00023 4.31748
0.4000 0.4000 0.6000 392.00024 4.53648
0.4000 0.4000 0.6000 400.00024 4.58747
0.4000 0.4000 0.6000 408.00025 5.39102
0.4000 0.4000 0.6000 416.00025 6.00605
0.4000 0.4000 0.6000 424.00026 4.98408
0.4000 0.4000 0.6000 432.00026 4.11056
0.4000 0.4000 0.6000 440.00027 3.41369
0.4000 0.4000 0.6000 448.00027 2.83177
0.4000 0.4000 0.6000 456.00028 2.48177
0.4000 0.4000 0.6000 464.00028 2.00478
0.4000 0.4000 0.6000 472.00029 1.92003
0.4000 0.4000 0.6000 480.00029 1.85005
0.4000 0.4000 0.6000 488.00030 1.72129
0.4000 0.4000 0.6000 496.00030 1.57547
0.4000 0.4000 0.6000 504.00031 1.35142
0.4000 0.4000 0.6000 512.00031 1.23996
0.4000 0.4000 0.6000 520.00032 1.25937
0.4000 0.4000 0.6000 528.00032 1.19838
0.4000 0.4000 0.6000 536.00033 1.12733
0.4000 0.4000 0.6000 544.00033 0.959031
0.4000 0.4000 0.6000 552.00034 0.83149
0.4000 0.4000 0.6000 560.00034 0.769588
0.4000 0.4000 0.6000 568.00035 0.799673
0.4000 0.4000 0.6000 576.00035 0.807827
0.4000 0.4000 0.6000 584.00035 0.754857
0.4000 0.4000 0.6000 592.00036 0.709087
0.4000 0.4000 0.6000 600.00036 0.729613
0.4000 0.4000 0.6000 608.00037 0.707322
0.4000 0.4000 0.6000 616.00037 0.68274
0.4000 0.4000 0.6000 624.00038 0.699396
0.4000 0.4000 0.6000 632.00038 0.716938
0.4000 0.4000 0.6000 640.00039 0.646148
0.4000 0.4000 0.6000 648.00039 0.590732
0.4000 0.4000 0.6000 656.00040 0.561519
0.4000 0.4000 0.6000 664.00040 0.544164
0.4000 0.4000 0.6000 672.00041 0.531999
0.4000 0.4000 0.6000 680.00041 0.519864
0.4000 0.4000 0.6000 688.00042 0.519871
0.4000 0.4000 0.6000 696.00042 0.488413
0.4000 0.4000 0.6000 704.00043 0.428472
0.4000 0.4000 0.6000 712.00043 0.411563
0.4000 0.4000 0.6000 720.00044 0.415393
0.4000 0.4000 0.6000 728.00044 0.422822
0.4000 0.4000 0.6000 736.00045 0.420011
0.4000 0.4000 0.6000 744.00045 0.427563
0.4000 0.4000 0.6000 752.00046 0.430057
0.4000 0.4000 0.6000 760.00046 0.431153
0.4000 0.4000 0.6000 768.00047 0.432226
0.4000 0.4000 0.6000 776.00047 0.40948
0.4000 0.4000 0.6000 784.00048 0.373329
0.4000 0.4000 0.6000 792.00048 0.346293
0.4000 0.4000 0.6000 800.00049 0.326568

0.4250 0.4250 0.5750 8.00000 0.0125756
0.4250 0.4250 0.5750 16.00001 0.0359126
0.4250 0.4250 0.5750 24.00001 0.0396352
0.4250 0.4250 0.5750 32.00002 0.0498875
0.4250 0.4250 0.5750 40.00002 0.08088
0.4250 0.4250 0.5750 48.00003 0.0941734
0.4250 0.4250 0.5750 56.00003 0.093891
0.4250 0.4250 0.5750 64.00004 0.110615
0.4250 0.4250 0.5750 72.00004 0.125352
0.4250 0.4250 0.5750 80.00005 0.119481
0.4250 0.4250 0.5750 88.00005 0.150201
0.4250 0.4250 0.5750 96.00006 0.161095
0.4250 0.4250 0.5750 104.00006 0.160272
0.4250 0.4250 0.5750 112.00007 0.167716
0.4250 0.4250 0.5750 120.00007 0.175251
0.4250 0.4250 0.5750 128.00008 0.198943
0.4250 0.4250 0.5750 136.00008 0.230993
0.4250 0.4250 0.5750 144.00009 0.270934
0.4250 0.4250 0.5750 152.00009 0.301912
0.4250 0.4250 0.5750 160.00010 0.320198
0.4250 0.4250 0.5750 168.00010 0.353694
0.4250 0.4250 0.5750 176.00011 0.416273
0.4250 0.4250 0.5750 184.00011 0.458355
0.4250 0.4250 0.5750 192.00012 0.478442
0.4250 0.4250 0.5750 200.00012 0.547365
0.4250 0.4250 0.5750 208.00013 0.619999
0.4250 0.4250 0.5750 216.00013 0.733205
0.4250 0.4250 0.5750 224.00014 0.983679
0.4250 0.4250 0.5750 232.00014 1.18403
0.4250 0.4250 0.5750 240.00015 1.29439
0.4250 0.4250 0.5750 248.00015 1.66502
0.4250 0.4250 0.5750 256.00016 2.04129
0.4250 0.4250 0.5750 264.00016 2.20419
0.4250 0.4250 0.5750 272.00017 2.46184
0.4250 0.4250 0.5750 280.00017 2.57296
0.4250 0.4250 0.5750 288.00017 2.79377
0.4250 0.4250 0.5750 296.00018 3.83801
0.4250 0.4250 0.5750 304.00018 5.21063
0.4250 0.4250 0.5750 312.00019 6.71312
0.4250 0.4250 0.5750 320.00019 6.91112
0.4250 0.4250 0.5750 328.00020 6.61754
0.4250 0.4250 0.5750 336.00020 6.36329
0.4250 0.4250 0.5750 344.00021 6.2948
0.4250 0.4250 0.5750 352.00021 8.09281
0.4250 0.4250 0.5750 360.00022 8.87329
0.4250 0.4250 0.5750 368.00022 7.67001
0.4250 0.4250 0.5750 376.00023 6.59357
0.4250 0.4250 0.5750 384.00023 5.20497
0.4250 0.4250 0.5750 392.00024 4.27436
0.4250 0.4250 0.5750 400.00024 3.80736
0.4250 0.4250 0.5750 408.00025 3.35868
0.4250 0.4250 0.5750 416.00025 3.30355
0.4250 0.4250 0.5750 424.00026 3.40586
0.4250 0.4250 0.5750 432.00026 2.87061
0.4250 0.4250 0.5750 440.00027 2.33032
0.4250 0.4250 0.5750 448.00027 2.15257
0.4250 0.4250 0.5750 456.00028 2.091
0.4250 0.4250 0.5750 464.00028 1.9146
0.4250 0.4250 0.5750 472.00029 1.73524
0.4250 0.4250 0.5750 480.00029 1.85093
0.4250 0.4250 0.5750 488.00030 1.94278
0.4250 0.4250 0.5750 496.00030 1.60061
0.4250 0.4250 0.5750 504.00031 1.22794
0.4250 0.4250 0.5750 512.00031 1.03275
0.4250 0.4250 0.5750 520.00032 1.02608
0.4250 0.4250 0.5750 528.00032 0.898241
0.4250 0.4250 0.5750 536.00033 0.836348
0.4250 0.4250 0.5750 544.00033 0.919692
0.4250 0.4250 0.5750 552.00034 0.844846
0.4250 0.4250 0.5750 560.00034 0.787973
0.4250 0.4250 0.5750 568.00035 0.771325
0.4250 0.4250 0.5750 576.00035 0.743049
0.4250 0.4250 0.5750 584.00035 0.71693
0.4250 0.4250 0.5750 592.00036 0.687107
0.4250 0.4250 0.5750 600.00036 0.610249
0.4250 0.4250 0.5750 608.00037 0.547136
0.4250 0.4250 0.5750 616.00037 0.532744
0.4250 0.4250 0.5750 624.00038 0.469041
0.4250 0.4250 0.5750 632.00038 0.441143
0.4250 0.4250 0.5750 640.00039 0.450256
0.4250 0.4250 0.5750 648.00039 0.46472
0.4250 0.4250 0.5750 656.00040 0.448272
0.4250 0.4250 0.5750 664.00040 0.433786
0.4250 0.4250 0.5750 672.00041 0.456941
0.4250 0.4250 0.5750 680.00041 0.477279
0.4250 0.4250 0.5750 688.00042 0.491424
0.4250 0.4250 0.5750 696.00042 0.477017
0.4250 0.4250 0.5750 704.00043 0.480117
0.4250 0.4250 0.5750 712.00043 0.472816
0.4250 0.4250 0.5750 720.00044 0.438401
0.4250 0.4250 0.5750 728.00044 0.415221
0.4250 0.4250 0.5750 736.00045 0.403069
0.4250 0.4250 0.5750 744.00045 0.386352
0.4250 0.4250 0.5750 752.00046 0.379735
0.4250 0.4250 0.5750 760.00046 0.369027
0.4250 0.4250 0.5750 768.00047 0.36772
0.4250 0.4250 0.5750 776.00047 0.369121
0.4250 0.4250 0.5750 784.00048 0.355915
0.4250 0.4250 0.5750 792.00048 0.3432
0.4250 0.4250 0.5750 800.00049 0.326605

0.4500 0.4500 0.5500 8.00000 0.0033447
0.4500 0.4500 0.5500 16.00001 0.0081345
0.4500 0.4500 0.5500 24.00001 0.0243081
0.4500 0.4500 0.5500 32.00002 0.0248649
0.4500 0.4500 0.5500 40.00002 0.0280179
0.4500 0.4500 0.5500 48.00003 0.035146
0.4500 0.4500 0.5500 56.00003 0.0558699
0.4500 0.4500 0.5500 64.00004 0.0784628
0.4500 0.4500 0.5500 72.00004 0.0804372
0.4500 0.4500 0.5500 80.00005 0.0854281
0.4500 0.4500 0.5500 88.00005 0.1155
0.4500 0.4500 0.5500 96.00006 0.142252
0.4500 0.4500 0.5500 104.00006 0.142222
0.4500 0.4500 0.5500 112.00007 0.152032
0.4500 0.4500 0.5500 120.00007 0.164798
0.4500 0.4500 0.5500 128.00008 0.159263
0.4500 0.4500 0.5500 136.00008 0.179144
0.4500 0.4500 0.5500 144.00009 0.227889
0.4500 0.4500 0.5500 152.00009 0.246061
0.4500 0.4500 0.5500 160.00010 0.247609
0.4500 0.4500 0.5500 168.00010 0.280273
0.4500 0.4500 0.5500 176.00011 0.360133
0.4500 0.4500 0.5500 184.00011 0.462559
0.4500 0.4500 0.5500 192.00012 0.52167
0.4500 0.4500 0.5500 200.00012 0.631049
0.4500 0.4500 0.5500 208.00013 0.738354
0.4500 0.4500 0.5500 216.00013 0.820984
0.4500 0.4500 0.5500 224.00014 1.00366
0.4500 0.4500 0.5500 232.00014 1.13903
0.4500 0.4500 0.5500 240.00015 1.19397
0.4500 0.4500 0.5500 248.00015 1.06676
0.4500 0.4500 0.5500 256.00016 1.05368
0.4500 0.4500 0.5500 264.00016 1.3802
0.4500 0.4500 0.5500 272.00017 1.97809
0.4500 0.4500 0.5500 280.00017 2.43098
0.4500 0.4500 0.5500 288.00017 2.86113
0.4500 0.4500 0.5500 296.00018 3.66394
0.4500 0.4500 0.5500 304.00018 4.28538
0.4500 0.4500 0.5500 312.00019 4.6387
0.4500 0.4500 0.5500 320.00019 5.95601
0.4500 0.4500 0.5500 328.00020 7.08396
0.4500 0.4500 0.5500 336.00020 8.1343
0.4500 0.4500 0.5500 344.00021 9.53291
0.4500 0.4500 0.5500 352.00021 9.26114
0.4500 0.4500 0.5500 360.00022 9.29658
0.4500 0.4500 0.5500 368.00022 8.83681
0.4500 0.4500 0.5500 376.00023 7.88292
0.4500 0.4500 0.5500 384.00023 6.44863
0.4500 0.4500 0.5500 392.00024 4.45904
0.4500 0.4500 0.5500 400.00024 3.4171
0.4500 0.4500 0.5500 408.00025 3.27175
0.4500 0.4500 0.5500 416.00025 3.43044
0.4500 0.4500 0.5500 424.00026 2.99332
0.4500 0.4500 0.5500 432.00026 2.36979
0.4500 0.4500 0.5500 440.00027 1.84348
0.4500 0.4500 0.5500 448.00027 1.68182
0.4500 0.4500 0.5500 456.00028 1.70078
0.4500 0.4500 0.5500 464.00028 1.71881
0.4500 0.4500 0.5500 472.00029 1.60269
0.4500 0.4500 0.5500 480.00029 1.37807
0.4500 0.4500 0.5500 488.00030 1.25352
0.4500 0.4500 0.5500 496.00030 1.2204
0.4500 0.4500 0.5500 504.00031 1.10989
0.4500 0.4500 0.5500 512.00031 1.00684
0.4500 0.4500 0.5500 520.00032 0.998108
0.4500 0.4500 0.5500 528.00032 1.00314
0.4500 0.4500 0.5500 536.00033 1.00527
0.4500 0.4500 0.5500 544.00033 0.949612
0.4500 0.4500 0.5500 552.00034 0.859277
0.4500 0.4500 0.5500 560.00034 0.785666
0.4500 0.4500 0.5500 568.00035 0.677432
0.4500 0.4500 0.5500 576.00035 0.660721
0.4500 0.4500 0.5500 584.00035 0.637473
0.4500 0.4500 0.5500 592.00036 0.532154
0.4500 0.4500 0.5500 600.00036 0.477298
0.4500 0.4500 0.5500 608.00037 0.487962
0.4500 0.4500 0.5500 616.00037 0.506873
0.4500 0.4500 0.5500 624.00038 0.536166
0.4500 0.4500 0.5500 632.00038 0.571779
0.4500 0.4500 0.5500 640.00039 0.543274
0.4500 0.4500 0.5500 648.00039 0.484621
0.4500 0.4500 0.5500 656.00040 0.455809
0.4500 0.4500 0.5500 664.00040 0.447479
0.4500 0.4500 0.5500 672.00041 0.463501
0.4500 0.4500 0.5500 680.00041 0.464784
0.4500 0.4500 0.5500 688.00042 0.433104
0.4500 0.4500 0.5500 696.00042 0.394
0.4500 0.4500 0.5500 704.00043 0.36621
0.4500 0.4500 0.5500 712.00043 0.362521
0.4500 0.4500 0.5500 720.00044 0.373437
0.4500 0.4500 0.5500 728.00044 0.377896
0.4500 0.4500 0.5500 736.00045 0.364453
0.4500 0.4500 0.5500 744.00045 0.36544
0.4500 0.4500 0.5500 752.00046 0.377089
0.4500 0.4500 0.5500 760.00046 0.377419
0.4500 0.4500 0.5500 768.00047 0.38006
0.4500 0.4500 0.5500 776.00047 0.359504
0.4500 0.4500 0.5500 784.00048 0.313707
0.4500 0.4500 0.5500 792.00048 0.262753
0.4500 0.4500 0.5500 800.00049 0.251759

0.4750 0.4750 0.5250 8.00000 0.0054842
0.4750 0.4750 0.5250 16.00001 0.0094932
0.4750 0.4750 0.5250 24.00001 0.0175561
0.4750 0.4750 0.5250 32.00002 0.0313454
0.4750 0.4750 0.5250 40.00002 0.0286556
0.4750 0.4750 0.5250 48.00003 0.0372143
0.4750 0.4750 0.5250 56.00003 0.0461248
0.4750 0.4750 0.5250 64.00004 0.0487875
0.4750 0.4750 0.5250 72.00004 0.0525728
0.4750 0.4750 0.5250 80.00005 0.0643712
0.4750 0.4750 0.5250 88.00005 0.0830149
0.4750 0.4750 0.5250 96.00006 0.0967181
0.4750 0.4750 0.5250 104.00006 0.109921
0.4750 0.4750 0.5250 112.00007 0.125032
0.4750 0.4750 0.5250 120.00007 0.140034
0.4750 0.4750 0.5250 128.00008 0.16103
0.4750 0.4750 0.5250 136.00008 0.189805
0.4750 0.4750 0.5250 144.00009 0.191255
0.4750 0.4750 0.5250 152.00009 0.200236
0.4750 0.4750 0.5250 160.00010 0.231256
0.4750 0.4750 0.5250 168.00010 0.248566
0.4750 0.4750 0.5250 176.00011 0.27718
0.4750 0.4750 0.5250 184.00011 0.329073
0.4750 0.4750 0.5250 192.00012 0.427028
0.4750 0.4750 0.5250 200.00012 0.539495
0.4750 0.4750 0.5250 208.00013 0.579677
0.4750 0.4750 0.5250 216.00013 0.555166
0.4750 0.4750 0.5250 224.00014 0.59141
0.4750 0.4750 0.5250 232.00014 0.689099
0.4750 0.4750 0.5250 240.00015 0.781369
0.4750 0.4750 0.5250 248.00015 0.890251
0.4750 0.4750 0.5250 256.00016 1.01299
0.4750 0.4750 0.5250 264.00016 1.06494
0.4750 0.4750 0.5250 272.00017 1.26654
0.4750 0.4750 0.5250 280.00017 1.65951
0.4750 0.4750 0.5250 288.00017 2.19629
0.4750 0.4750 0.5250 296.00018 2.90898
0.4750 0.4750 0.5250 304.00018 3.3889
0.4750 0.4750 0.5250 312.00019 4.6941
0.4750 0.4750 0.5250 320.00019 7.01587
0.4750 0.4750 0.5250 328.00020 9.23286
0.4750 0.4750 0.5250 336.00020 11.1721
0.4750 0.4750 0.5250 344.00021 9.67252
0.4750 0.4750 0.5250 352.00021 7.9588
0.4750 0.4750 0.5250 360.00022 7.96086
0.4750 0.4750 0.5250 368.00022 6.85892
0.4750 0.4750 0.5250 376.00023 5.49895
0.4750 0.4750 0.5250 384.00023 5.07497
0.4750 0.4750 0.5250 392.00024 5.52705
0.4750 0.4750 0.5250 400.00024 6.02319
0.4750 0.4750 0.5250 408.00025 5.12568
0.4750 0.4750 0.5250 416.00025 3.85379
0.4750 0.4750 0.5250 424.00026 3.09328
0.4750 0.4750 0.5250 432.00026 2.86114
0.4750 0.4750 0.5250 440.00027 2.64706
0.4750 0.4750 0.5250 448.00027 2.2433
0.4750 0.4750 0.5250 456.00028 1.84047
0.4750 0.4750 0.5250 464.00028 1.63156
0.4750 0.4750 0.5250 472.00029 1.59915
0.4750 0.4750 0.5250 480.00029 1.606
0.4750 0.4750 0.5250 488.00030 1.3308
0.4750 0.4750 0.5250 496.00030 0.939106
0.4750 0.4750 0.5250 504.00031 0.771733
0.4750 0.4750 0.5250 512.00031 0.715945
0.4750 0.4750 0.5250 520.00032 0.723357
0.4750 0.4750 0.5250 528.00032 0.689225
0.4750 0.4750 0.5250 536.00033 0.63352
0.4750 0.4750 0.5250 544.00033 0.590088
0.4750 0.4750 0.5250 552.00034 0.587714
0.4750 0.4750 0.5250 560.00034 0.541968
0.4750 0.4750 0.5250 568.00035 0.53092
0.4750 0.4750 0.5250 576.00035 0.578225
0.4750 0.4750 0.5250 584.00035 0.628819
0.4750 0.4750 0.5250 592.00036 0.598356
0.4750 0.4750 0.5250 600.00036 0.624948
0.4750 0.4750 0.5250 608.00037 0.70939
0.4750 0.4750 0.5250 616.00037 0.672539
0.4750 0.4750 0.5250 624.00038 0.612905
0.4750 0.4750 0.5250 632.00038 0.603567
0.4750 0.4750 0.5250 640.00039 0.545277
0.4750 0.4750 0.5250 648.00039 0.489671
0.4750 0.4750 0.5250 656.00040 0.4461
0.4750 0.4750 0.5250 664.00040 0.394644
0.4750 0.4750 0.5250 672.00041 0.392676
0.4750 0.4750 0.5250 680.00041 0.413079
0.4750 0.4750 0.5250 688.00042 0.426139
0.4750 0.4750 0.5250 696.00042 0.433863
0.4750 0.4750 0.5250 704.00043 0.404109
0.4750 0.4750 0.5250 712.00043 0.352865
0.4750 0.4750 0.5250 720.00044 0.31514
0.4750 0.4750 0.5250 728.00044 0.29881
0.4750 0.4750 0.5250 736.00045 0.294002
0.4750 0.4750 0.5250 744.00045 0.293389
0.4750 0.4750 0.5250 752.00046 0.268498
0.4750 0.4750 0.5250 760.00046 0.269484
0.4750 0.4750 0.5250 768.00047 0.279099
0.4750 0.4750 0.5250 776.00047 0.284838
0.4750 0.4750 0.5250 784.00048 0.282067
0.4750 0.4750 0.5250 792.00048 0.299616
0.4750 0.4750 0.5250 800.00049 0.307421

0.5000 0.5000 0.5000 8.00000 0.0066678
0.5000 0.5000 0.5000 16.00001 0.0110735
0.5000 0.5000 0.5000 24.00001 0.0148889
0.5000 0.5000 0.5000 32.00002 0.0327635
0.5000 0.5000 0.5000 40.00002 0.0295674
0.5000 0.5000 0.5000 48.00003 0.0461757
0.5000 0.5000 0.5000 56.00003 0.0435515
0.5000 0.5000 0.5000 64.00004 0.039015
0.5000 0.5000 0.5000 72.00004 0.0444204
0.5000 0.5000 0.5000 80.00005 0.052627
0.5000 0.5000 0.5000 88.00005 0.0664694
0.5000 0.5000 0.5000 96.00006 0.0913365
0.5000 0.5000 0.5000 104.00006 0.127042
0.5000 0.5000 0.5000 112.00007 0.135939
0.5000 0.5000 0.5000 120.00007 0.120004
0.5000 0.5000 0.5000 128.00008 0.124479
0.5000 0.5000 0.5000 136.00008 0.136435
0.5000 0.5000 0.5000 144.00009 0.151115
0.5000 0.5000 0.5000 152.00009 0.192926
0.5000 0.5000 0.5000 160.00010 0.253804
0.5000 0.5000 0.5000 168.00010 0.33293
0.5000 0.5000 0.5000 176.00011 0.285963
0.5000 0.5000 0.5000 184.00011 0.250354
0.5000 0.5000 0.5000 192.00012 0.277846
0.5000 0.5000 0.5000 200.00012 0.327587
0.5000 0.5000 0.5000 208.00013 0.334357
0.5000 0.5000 0.5000 216.00013 0.354294
0.5000 0.5000 0.5000 224.00014 0.445566
0.5000 0.5000 0.5000 232.00014 0.584068
0.5000 0.5000 0.5000 240.00015 0.708386
0.5000 0.5000 0.5000 248.00015 0.707599
0.5000 0.5000 0.5000 256.00016 0.814044
0.5000 0.5000 0.5000 264.00016 1.11468
0.5000 0.5000 0.5000 272.00017 1.65395
0.5000 0.5000 0.5000 280.00017 1.85606
0.5000 0.5000 0.5000 288.00017 2.25375
0.5000 0.5000 0.5000 296.00018 3.67531
0.5000 0.5000 0.5000 304.00018 4.96916
0.5000 0.5000 0.5000 312.00019 5.88815
0.5000 0.5000 0.5000 320.00019 6.80054
0.5000 0.5000 0.5000 328.00020 7.4344
0.5000 0.5000 0.5000 336.00020 7.15515
0.5000 0.5000 0.5000 344.00021 7.06499
0.5000 0.5000 0.5000 352.00021 5.83633
0.5000 0.5000 0.5000 360.00022 6.55897
0.5000 0.5000 0.5000 368.00022 7.44297
0.5000 0.5000 0.5000 376.00023 9.40337
0.5000 0.5000 0.5000 384.00023 9.52374
0.5000 0.5000 0.5000 392.00024 8.07957
0.5000 0.5000 0.5000 400.00024 5.7776
0.5000 0.5000 0.5000 408.00025 3.65879
0.5000 0.5000 0.5000 416.00025 2.40891
0.5000 0.5000 0.5000 424.00026 2.24888
0.5000 0.5000 0.5000 432.00026 2.68314
0.5000 0.5000 0.5000 440.00027 2.46983
0.5000 0.5000 0.5000 448.00027 2.30864
0.5000 0.5000 0.5000 456.00028 2.39282
0.5000 0.5000 0.5000 464.00028 1.75654
0.5000 0.5000 0.5000 472.00029 1.15331
0.5000 0.5000 0.5000 480.00029 0.898683
0.5000 0.5000 0.5000 488.00030 0.922577
0.5000 0.5000 0.5000 496.00030 1.24003
0.5000 0.5000 0.5000 504.00031 1.30488
0.5000 0.5000 0.5000 512.00031 0.864066
0.5000 0.5000 0.5000 520.00032 0.642857
0.5000 0.5000 0.5000 528.00032 0.628839
0.5000 0.5000 0.5000 536.00033 0.64763
0.5000 0.5000 0.5000 544.00033 0.695222
0.5000 0.5000 0.5000 552.00034 0.622399
0.5000 0.5000 0.5000 560.00034 0.588499
0.5000 0.5000 0.5000 568.00035 0.595717
0.5000 0.5000 0.5000 576.00035 0.654419
0.5000 0.5000 0.5000 584.00035 0.757527
0.5000 0.5000 0.5000 592.00036 0.701475
0.5000 0.5000 0.5000 600.00036 0.605522
0.5000 0.5000 0.5000 608.00037 0.52035
0.5000 0.5000 0.5000 616.00037 0.410495
0.5000 0.5000 0.5000 624.00038 0.365441
0.5000 0.5000 0.5000 632.00038 0.373521
0.5000 0.5000 0.5000 640.00039 0.390333
0.5000 0.5000 0.5000 648.00039 0.406763
0.5000 0.5000 0.5000 656.00040 0.412067
0.5000 0.5000 0.5000 664.00040 0.396387
0.5000 0.5000 0.5000 672.00041 0.363656
0.5000 0.5000 0.5000 680.00041 0.361206
0.5000 0.5000 0.5000 688.00042 0.37254
0.5000 0.5000 0.5000 696.00042 0.440843
0.5000 0.5000 0.5000 704.00043 0.486841
0.5000 0.5000 0.5000 712.00043 0.424367
0.5000 0.5000 0.5000 720.00044 0.351999
0.5000 0.5000 0.5000 728.00044 0.277037
0.5000 0.5000 0.5000 736.00045 0.244747
0.5000 0.5000 0.5000 744.00045 0.245046
0.5000 0.5000 0.5000 752.00046 0.284076
0.5000 0.5000 0.5000 760.00046 0.302097
0.5000 0.5000 0.5000 768.00047 0.287815
0.5000 0.5000 0.5000 776.00047 0.342448
0.5000 0.5000 0.5000 784.00048 0.3967
0.5000 0.5000 0.5000 792.00048 0.364563
0.5000 0.5000 0.5000 800.00049 0.366811

