0.5000 0.5000 0.0000 8.00000 0.0093751
0.5000 0.5000 0.0000 16.00001 0.0229485
0.5000 0.5000 0.0000 24.00001 0.0466569
0.5000 0.5000 0.0000 32.00002 0.138542
0.5000 0.5000 0.0000 40.00002 0.0950565
0.5000 0.5000 0.0000 48.00003 0.171145
0.5000 0.5000 0.0000 56.00003 0.283325
0.5000 0.5000 0.0000 64.00004 0.309962
0.5000 0.5000 0.0000 72.00004 0.240644
0.5000 0.5000 0.0000 80.00005 0.255445
0.5000 0.5000 0.0000 88.00005 0.279587
0.5000 0.5000 0.0000 96.00006 0.355224
0.5000 0.5000 0.0000 104.00006 0.451423
0.5000 0.5000 0.0000 112.00007 0.444942
0.5000 0.5000 0.0000 120.00007 0.435729
0.5000 0.5000 0.0000 128.00008 0.477312
0.5000 0.5000 0.0000 136.00008 0.581434
0.5000 0.5000 0.0000 144.00009 0.736002
0.5000 0.5000 0.0000 152.00009 0.96314
0.5000 0.5000 0.0000 160.00010 1.30816
0.5000 0.5000 0.0000 168.00010 1.47477
0.5000 0.5000 0.0000 176.00011 1.9171
0.5000 0.5000 0.0000 184.00011 2.36682
0.5000 0.5000 0.0000 192.00012 2.25867
0.5000 0.5000 0.0000 200.00012 2.11774
0.5000 0.5000 0.0000 208.00013 2.50699
0.5000 0.5000 0.0000 216.00013 3.26242
0.5000 0.5000 0.0000 224.00014 3.50206
0.5000 0.5000 0.0000 232.00014 3.58725
0.5000 0.5000 0.0000 240.00015 4.41546
0.5000 0.5000 0.0000 248.00015 6.04319
0.5000 0.5000 0.0000 256.00016 6.3869
0.5000 0.5000 0.0000 264.00016 5.36518
0.5000 0.5000 0.0000 272.00017 5.72037
0.5000 0.5000 0.0000 280.00017 7.57606
0.5000 0.5000 0.0000 288.00017 10.1822
0.5000 0.5000 0.0000 296.00018 12.0399
0.5000 0.5000 0.0000 304.00018 10.7258
0.5000 0.5000 0.0000 312.00019 8.91997
0.5000 0.5000 0.0000 320.00019 9.14482
0.5000 0.5000 0.0000 328.00020 8.78499
0.5000 0.5000 0.0000 336.00020 8.87162
0.5000 0.5000 0.0000 344.00021 7.83285
0.5000 0.5000 0.0000 352.00021 6.27789
0.5000 0.5000 0.0000 360.00022 6.30438
0.5000 0.5000 0.0000 368.00022 5.53308
0.5000 0.5000 0.0000 376.00023 3.84633
0.5000 0.5000 0.0000 384.00023 2.91319
0.5000 0.5000 0.0000 392.00024 2.29297
0.5000 0.5000 0.0000 400.00024 2.04401
0.5000 0.5000 0.0000 408.00025 1.92646
0.5000 0.5000 0.0000 416.00025 1.93147
0.5000 0.5000 0.0000 424.00026 1.8777
0.5000 0.5000 0.0000 432.00026 2.13045
0.5000 0.5000 0.0000 440.00027 2.19386
0.5000 0.5000 0.0000 448.00027 1.84279
0.5000 0.5000 0.0000 456.00028 1.49228
0.5000 0.5000 0.0000 464.00028 1.38184
0.5000 0.5000 0.0000 472.00029 1.30371
0.5000 0.5000 0.0000 480.00029 1.08042
0.5000 0.5000 0.0000 488.00030 0.906051
0.5000 0.5000 0.0000 496.00030 0.899835
0.5000 0.5000 0.0000 504.00031 0.924964
0.5000 0.5000 0.0000 512.00031 0.889162
0.5000 0.5000 0.0000 520.00032 0.89933
0.5000 0.5000 0.0000 528.00032 0.85539
0.5000 0.5000 0.0000 536.00033 0.728516
0.5000 0.5000 0.0000 544.00033 0.67872
0.5000 0.5000 0.0000 552.00034 0.64325
0.5000 0.5000 0.0000 560.00034 0.628364
0.5000 0.5000 0.0000 568.00035 0.581202
0.5000 0.5000 0.0000 576.00035 0.540535
0.5000 0.5000 0.0000 584.00035 0.521294
0.5000 0.5000 0.0000 592.00036 0.508642
0.5000 0.5000 0.0000 600.00036 0.530643
0.5000 0.5000 0.0000 608.00037 0.472729
0.5000 0.5000 0.0000 616.00037 0.404958
0.5000 0.5000 0.0000 624.00038 0.411861
0.5000 0.5000 0.0000 632.00038 0.437805
0.5000 0.5000 0.0000 640.00039 0.455699
0.5000 0.5000 0.0000 648.00039 0.464431
0.5000 0.5000 0.0000 656.00040 0.425126
0.5000 0.5000 0.0000 664.00040 0.386249
0.5000 0.5000 0.0000 672.00041 0.382256
0.5000 0.5000 0.0000 680.00041 0.325577
0.5000 0.5000 0.0000 688.00042 0.28733
0.5000 0.5000 0.0000 696.00042 0.29257
0.5000 0.5000 0.0000 704.00043 0.300567
0.5000 0.5000 0.0000 712.00043 0.309719
0.5000 0.5000 0.0000 720.00044 0.327106
0.5000 0.5000 0.0000 728.00044 0.345973
0.5000 0.5000 0.0000 736.00045 0.33423
0.5000 0.5000 0.0000 744.00045 0.318363
0.5000 0.5000 0.0000 752.00046 0.314014
0.5000 0.5000 0.0000 760.00046 0.313375
0.5000 0.5000 0.0000 768.00047 0.30253
0.5000 0.5000 0.0000 776.00047 0.27604
0.5000 0.5000 0.0000 784.00048 0.263252
0.5000 0.5000 0.0000 792.00048 0.286622
0.5000 0.5000 0.0000 800.00049 0.319526

0.4750 0.4750 0.0000 8.00000 0.0409435
0.4750 0.4750 0.0000 16.00001 0.0261557
0.4750 0.4750 0.0000 24.00001 0.0436421
0.4750 0.4750 0.0000 32.00002 0.103159
0.4750 0.4750 0.0000 40.00002 0.18397
0.4750 0.4750 0.0000 48.00003 0.137574
0.4750 0.4750 0.0000 56.00003 0.160312
0.4750 0.4750 0.0000 64.00004 0.273387
0.4750 0.4750 0.0000 72.00004 0.305999
0.4750 0.4750 0.0000 80.00005 0.299515
0.4750 0.4750 0.0000 88.00005 0.325427
0.4750 0.4750 0.0000 96.00006 0.41305
0.4750 0.4750 0.0000 104.00006 0.5017
0.4750 0.4750 0.0000 112.00007 0.556969
0.4750 0.4750 0.0000 120.00007 0.577658
0.4750 0.4750 0.0000 128.00008 0.555057
0.4750 0.4750 0.0000 136.00008 0.63693
0.4750 0.4750 0.0000 144.00009 0.77035
0.4750 0.4750 0.0000 152.00009 0.946446
0.4750 0.4750 0.0000 160.00010 1.05288
0.4750 0.4750 0.0000 168.00010 1.11817
0.4750 0.4750 0.0000 176.00011 1.28647
0.4750 0.4750 0.0000 184.00011 1.55357
0.4750 0.4750 0.0000 192.00012 2.04529
0.4750 0.4750 0.0000 200.00012 2.45849
0.4750 0.4750 0.0000 208.00013 3.21951
0.4750 0.4750 0.0000 216.00013 4.20688
0.4750 0.4750 0.0000 224.00014 4.20004
0.4750 0.4750 0.0000 232.00014 4.15741
0.4750 0.4750 0.0000 240.00015 4.77901
0.4750 0.4750 0.0000 248.00015 5.87391
0.4750 0.4750 0.0000 256.00016 7.33594
0.4750 0.4750 0.0000 264.00016 7.84227
0.4750 0.4750 0.0000 272.00017 8.24048
0.4750 0.4750 0.0000 280.00017 9.26031
0.4750 0.4750 0.0000 288.00017 10.8624
0.4750 0.4750 0.0000 296.00018 11.6246
0.4750 0.4750 0.0000 304.00018 11.144
0.4750 0.4750 0.0000 312.00019 10.169
0.4750 0.4750 0.0000 320.00019 9.04818
0.4750 0.4750 0.0000 328.00020 7.45751
0.4750 0.4750 0.0000 336.00020 6.45695
0.4750 0.4750 0.0000 344.00021 6.30653
0.4750 0.4750 0.0000 352.00021 5.44496
0.4750 0.4750 0.0000 360.00022 4.78643
0.4750 0.4750 0.0000 368.00022 4.46252
0.4750 0.4750 0.0000 376.00023 4.07494
0.4750 0.4750 0.0000 384.00023 3.52286
0.4750 0.4750 0.0000 392.00024 2.69404
0.4750 0.4750 0.0000 400.00024 2.32302
0.4750 0.4750 0.0000 408.00025 2.13334
0.4750 0.4750 0.0000 416.00025 2.05187
0.4750 0.4750 0.0000 424.00026 2.01437
0.4750 0.4750 0.0000 432.00026 2.0218
0.4750 0.4750 0.0000 440.00027 2.16667
0.4750 0.4750 0.0000 448.00027 1.84373
0.4750 0.4750 0.0000 456.00028 1.4679
0.4750 0.4750 0.0000 464.00028 1.35485
0.4750 0.4750 0.0000 472.00029 1.39183
0.4750 0.4750 0.0000 480.00029 1.21541
0.4750 0.4750 0.0000 488.00030 0.994673
0.4750 0.4750 0.0000 496.00030 0.884062
0.4750 0.4750 0.0000 504.00031 0.802546
0.4750 0.4750 0.0000 512.00031 0.736509
0.4750 0.4750 0.0000 520.00032 0.666724
0.4750 0.4750 0.0000 528.00032 0.628908
0.4750 0.4750 0.0000 536.00033 0.670875
0.4750 0.4750 0.0000 544.00033 0.725141
0.4750 0.4750 0.0000 552.00034 0.706535
0.4750 0.4750 0.0000 560.00034 0.698333
0.4750 0.4750 0.0000 568.00035 0.655569
0.4750 0.4750 0.0000 576.00035 0.588583
0.4750 0.4750 0.0000 584.00035 0.524193
0.4750 0.4750 0.0000 592.00036 0.489552
0.4750 0.4750 0.0000 600.00036 0.486973
0.4750 0.4750 0.0000 608.00037 0.504123
0.4750 0.4750 0.0000 616.00037 0.513373
0.4750 0.4750 0.0000 624.00038 0.53664
0.4750 0.4750 0.0000 632.00038 0.543141
0.4750 0.4750 0.0000 640.00039 0.530173
0.4750 0.4750 0.0000 648.00039 0.522934
0.4750 0.4750 0.0000 656.00040 0.511022
0.4750 0.4750 0.0000 664.00040 0.488689
0.4750 0.4750 0.0000 672.00041 0.44117
0.4750 0.4750 0.0000 680.00041 0.425619
0.4750 0.4750 0.0000 688.00042 0.403824
0.4750 0.4750 0.0000 696.00042 0.379532
0.4750 0.4750 0.0000 704.00043 0.357167
0.4750 0.4750 0.0000 712.00043 0.348558
0.4750 0.4750 0.0000 720.00044 0.359353
0.4750 0.4750 0.0000 728.00044 0.357519
0.4750 0.4750 0.0000 736.00045 0.33276
0.4750 0.4750 0.0000 744.00045 0.30326
0.4750 0.4750 0.0000 752.00046 0.285136
0.4750 0.4750 0.0000 760.00046 0.279353
0.4750 0.4750 0.0000 768.00047 0.285183
0.4750 0.4750 0.0000 776.00047 0.28223
0.4750 0.4750 0.0000 784.00048 0.279148
0.4750 0.4750 0.0000 792.00048 0.283078
0.4750 0.4750 0.0000 800.00049 0.284279

0.4500 0.4500 0.0000 8.00000 0.0174309
0.4500 0.4500 0.0000 16.00001 0.0376419
0.4500 0.4500 0.0000 24.00001 0.0708749
0.4500 0.4500 0.0000 32.00002 0.0954241
0.4500 0.4500 0.0000 40.00002 0.127931
0.4500 0.4500 0.0000 48.00003 0.109297
0.4500 0.4500 0.0000 56.00003 0.131089
0.4500 0.4500 0.0000 64.00004 0.171606
0.4500 0.4500 0.0000 72.00004 0.187251
0.4500 0.4500 0.0000 80.00005 0.226483
0.4500 0.4500 0.0000 88.00005 0.307129
0.4500 0.4500 0.0000 96.00006 0.437882
0.4500 0.4500 0.0000 104.00006 0.546698
0.4500 0.4500 0.0000 112.00007 0.649866
0.4500 0.4500 0.0000 120.00007 0.765297
0.4500 0.4500 0.0000 128.00008 0.881565
0.4500 0.4500 0.0000 136.00008 1.01032
0.4500 0.4500 0.0000 144.00009 0.986635
0.4500 0.4500 0.0000 152.00009 1.01606
0.4500 0.4500 0.0000 160.00010 1.10033
0.4500 0.4500 0.0000 168.00010 1.41807
0.4500 0.4500 0.0000 176.00011 1.74463
0.4500 0.4500 0.0000 184.00011 2.00782
0.4500 0.4500 0.0000 192.00012 2.36746
0.4500 0.4500 0.0000 200.00012 2.95345
0.4500 0.4500 0.0000 208.00013 3.55936
0.4500 0.4500 0.0000 216.00013 4.54728
0.4500 0.4500 0.0000 224.00014 5.59345
0.4500 0.4500 0.0000 232.00014 6.96095
0.4500 0.4500 0.0000 240.00015 7.25118
0.4500 0.4500 0.0000 248.00015 6.99331
0.4500 0.4500 0.0000 256.00016 7.70085
0.4500 0.4500 0.0000 264.00016 9.34563
0.4500 0.4500 0.0000 272.00017 12.6815
0.4500 0.4500 0.0000 280.00017 12.6659
0.4500 0.4500 0.0000 288.00017 9.95034
0.4500 0.4500 0.0000 296.00018 8.64114
0.4500 0.4500 0.0000 304.00018 8.90363
0.4500 0.4500 0.0000 312.00019 8.74877
0.4500 0.4500 0.0000 320.00019 8.53481
0.4500 0.4500 0.0000 328.00020 8.17566
0.4500 0.4500 0.0000 336.00020 6.94003
0.4500 0.4500 0.0000 344.00021 5.30882
0.4500 0.4500 0.0000 352.00021 4.22775
0.4500 0.4500 0.0000 360.00022 3.62602
0.4500 0.4500 0.0000 368.00022 3.25451
0.4500 0.4500 0.0000 376.00023 2.92425
0.4500 0.4500 0.0000 384.00023 2.62872
0.4500 0.4500 0.0000 392.00024 2.29287
0.4500 0.4500 0.0000 400.00024 2.06889
0.4500 0.4500 0.0000 408.00025 2.04099
0.4500 0.4500 0.0000 416.00025 2.03491
0.4500 0.4500 0.0000 424.00026 1.81399
0.4500 0.4500 0.0000 432.00026 1.5272
0.4500 0.4500 0.0000 440.00027 1.39815
0.4500 0.4500 0.0000 448.00027 1.32499
0.4500 0.4500 0.0000 456.00028 1.21161
0.4500 0.4500 0.0000 464.00028 1.07133
0.4500 0.4500 0.0000 472.00029 0.988647
0.4500 0.4500 0.0000 480.00029 1.01976
0.4500 0.4500 0.0000 488.00030 1.10922
0.4500 0.4500 0.0000 496.00030 1.06175
0.4500 0.4500 0.0000 504.00031 0.946826
0.4500 0.4500 0.0000 512.00031 0.840093
0.4500 0.4500 0.0000 520.00032 0.813371
0.4500 0.4500 0.0000 528.00032 0.805075
0.4500 0.4500 0.0000 536.00033 0.742229
0.4500 0.4500 0.0000 544.00033 0.684989
0.4500 0.4500 0.0000 552.00034 0.693733
0.4500 0.4500 0.0000 560.00034 0.710295
0.4500 0.4500 0.0000 568.00035 0.726636
0.4500 0.4500 0.0000 576.00035 0.752819
0.4500 0.4500 0.0000 584.00035 0.744294
0.4500 0.4500 0.0000 592.00036 0.666938
0.4500 0.4500 0.0000 600.00036 0.60003
0.4500 0.4500 0.0000 608.00037 0.564974
0.4500 0.4500 0.0000 616.00037 0.554979
0.4500 0.4500 0.0000 624.00038 0.561971
0.4500 0.4500 0.0000 632.00038 0.559406
0.4500 0.4500 0.0000 640.00039 0.556984
0.4500 0.4500 0.0000 648.00039 0.531601
0.4500 0.4500 0.0000 656.00040 0.485345
0.4500 0.4500 0.0000 664.00040 0.431574
0.4500 0.4500 0.0000 672.00041 0.412531
0.4500 0.4500 0.0000 680.00041 0.403403
0.4500 0.4500 0.0000 688.00042 0.409941
0.4500 0.4500 0.0000 696.00042 0.415137
0.4500 0.4500 0.0000 704.00043 0.410927
0.4500 0.4500 0.0000 712.00043 0.408072
0.4500 0.4500 0.0000 720.00044 0.40836
0.4500 0.4500 0.0000 728.00044 0.400209
0.4500 0.4500 0.0000 736.00045 0.401585
0.4500 0.4500 0.0000 744.00045 0.363488
0.4500 0.4500 0.0000 752.00046 0.315848
0.4500 0.4500 0.0000 760.00046 0.303988
0.4500 0.4500 0.0000 768.00047 0.314993
0.4500 0.4500 0.0000 776.00047 0.310503
0.4500 0.4500 0.0000 784.00048 0.308546
0.4500 0.4500 0.0000 792.00048 0.302921
0.4500 0.4500 0.0000 800.00049 0.310624

0.4250 0.4250 0.0000 8.00000 0.0178987
0.4250 0.4250 0.0000 16.00001 0.052026
0.4250 0.4250 0.0000 24.00001 0.0911798
0.4250 0.4250 0.0000 32.00002 0.109029
0.4250 0.4250 0.0000 40.00002 0.131523
0.4250 0.4250 0.0000 48.00003 0.154158
0.4250 0.4250 0.0000 56.00003 0.22915
0.4250 0.4250 0.0000 64.00004 0.336367
0.4250 0.4250 0.0000 72.00004 0.366865
0.4250 0.4250 0.0000 80.00005 0.417506
0.4250 0.4250 0.0000 88.00005 0.481922
0.4250 0.4250 0.0000 96.00006 0.514926
0.4250 0.4250 0.0000 104.00006 0.549791
0.4250 0.4250 0.0000 112.00007 0.612047
0.4250 0.4250 0.0000 120.00007 0.735085
0.4250 0.4250 0.0000 128.00008 0.920759
0.4250 0.4250 0.0000 136.00008 1.0359
0.4250 0.4250 0.0000 144.00009 1.09391
0.4250 0.4250 0.0000 152.00009 1.32214
0.4250 0.4250 0.0000 160.00010 1.51451
0.4250 0.4250 0.0000 168.00010 1.83108
0.4250 0.4250 0.0000 176.00011 2.35751
0.4250 0.4250 0.0000 184.00011 3.02264
0.4250 0.4250 0.0000 192.00012 3.70772
0.4250 0.4250 0.0000 200.00012 4.53647
0.4250 0.4250 0.0000 208.00013 5.89706
0.4250 0.4250 0.0000 216.00013 7.21483
0.4250 0.4250 0.0000 224.00014 8.55732
0.4250 0.4250 0.0000 232.00014 9.40152
0.4250 0.4250 0.0000 240.00015 12.155
0.4250 0.4250 0.0000 248.00015 13.1989
0.4250 0.4250 0.0000 256.00016 11.9788
0.4250 0.4250 0.0000 264.00016 11.1744
0.4250 0.4250 0.0000 272.00017 9.68864
0.4250 0.4250 0.0000 280.00017 8.95177
0.4250 0.4250 0.0000 288.00017 8.73567
0.4250 0.4250 0.0000 296.00018 8.07368
0.4250 0.4250 0.0000 304.00018 6.76443
0.4250 0.4250 0.0000 312.00019 6.01639
0.4250 0.4250 0.0000 320.00019 5.40142
0.4250 0.4250 0.0000 328.00020 4.98052
0.4250 0.4250 0.0000 336.00020 4.52812
0.4250 0.4250 0.0000 344.00021 4.43012
0.4250 0.4250 0.0000 352.00021 4.17356
0.4250 0.4250 0.0000 360.00022 3.66709
0.4250 0.4250 0.0000 368.00022 2.79472
0.4250 0.4250 0.0000 376.00023 2.22342
0.4250 0.4250 0.0000 384.00023 2.1096
0.4250 0.4250 0.0000 392.00024 1.86265
0.4250 0.4250 0.0000 400.00024 1.48771
0.4250 0.4250 0.0000 408.00025 1.26739
0.4250 0.4250 0.0000 416.00025 1.3034
0.4250 0.4250 0.0000 424.00026 1.44627
0.4250 0.4250 0.0000 432.00026 1.50152
0.4250 0.4250 0.0000 440.00027 1.51703
0.4250 0.4250 0.0000 448.00027 1.42273
0.4250 0.4250 0.0000 456.00028 1.22699
0.4250 0.4250 0.0000 464.00028 1.155
0.4250 0.4250 0.0000 472.00029 1.09388
0.4250 0.4250 0.0000 480.00029 1.01866
0.4250 0.4250 0.0000 488.00030 0.99467
0.4250 0.4250 0.0000 496.00030 1.03123
0.4250 0.4250 0.0000 504.00031 0.967863
0.4250 0.4250 0.0000 512.00031 0.89301
0.4250 0.4250 0.0000 520.00032 0.779618
0.4250 0.4250 0.0000 528.00032 0.732286
0.4250 0.4250 0.0000 536.00033 0.688283
0.4250 0.4250 0.0000 544.00033 0.687468
0.4250 0.4250 0.0000 552.00034 0.692526
0.4250 0.4250 0.0000 560.00034 0.645096
0.4250 0.4250 0.0000 568.00035 0.64786
0.4250 0.4250 0.0000 576.00035 0.657249
0.4250 0.4250 0.0000 584.00035 0.674396
0.4250 0.4250 0.0000 592.00036 0.674916
0.4250 0.4250 0.0000 600.00036 0.657085
0.4250 0.4250 0.0000 608.00037 0.643336
0.4250 0.4250 0.0000 616.00037 0.59979
0.4250 0.4250 0.0000 624.00038 0.56607
0.4250 0.4250 0.0000 632.00038 0.528764
0.4250 0.4250 0.0000 640.00039 0.486752
0.4250 0.4250 0.0000 648.00039 0.461328
0.4250 0.4250 0.0000 656.00040 0.462231
0.4250 0.4250 0.0000 664.00040 0.464221
0.4250 0.4250 0.0000 672.00041 0.423751
0.4250 0.4250 0.0000 680.00041 0.410616
0.4250 0.4250 0.0000 688.00042 0.455828
0.4250 0.4250 0.0000 696.00042 0.487861
0.4250 0.4250 0.0000 704.00043 0.515921
0.4250 0.4250 0.0000 712.00043 0.50325
0.4250 0.4250 0.0000 720.00044 0.441487
0.4250 0.4250 0.0000 728.00044 0.393495
0.4250 0.4250 0.0000 736.00045 0.387222
0.4250 0.4250 0.0000 744.00045 0.395652
0.4250 0.4250 0.0000 752.00046 0.383699
0.4250 0.4250 0.0000 760.00046 0.336798
0.4250 0.4250 0.0000 768.00047 0.306209
0.4250 0.4250 0.0000 776.00047 0.309908
0.4250 0.4250 0.0000 784.00048 0.31745
0.4250 0.4250 0.0000 792.00048 0.326549
0.4250 0.4250 0.0000 800.00049 0.334548

0.4000 0.4000 0.0000 8.00000 0.0232097
0.4000 0.4000 0.0000 16.00001 0.0419167
0.4000 0.4000 0.0000 24.00001 0.0732883
0.4000 0.4000 0.0000 32.00002 0.125157
0.4000 0.4000 0.0000 40.00002 0.154741
0.4000 0.4000 0.0000 48.00003 0.22077
0.4000 0.4000 0.0000 56.00003 0.335233
0.4000 0.4000 0.0000 64.00004 0.333428
0.4000 0.4000 0.0000 72.00004 0.379143
0.4000 0.4000 0.0000 80.00005 0.438408
0.4000 0.4000 0.0000 88.00005 0.555257
0.4000 0.4000 0.0000 96.00006 0.712778
0.4000 0.4000 0.0000 104.00006 0.916522
0.4000 0.4000 0.0000 112.00007 1.18099
0.4000 0.4000 0.0000 120.00007 1.44248
0.4000 0.4000 0.0000 128.00008 1.76734
0.4000 0.4000 0.0000 136.00008 2.18412
0.4000 0.4000 0.0000 144.00009 2.45003
0.4000 0.4000 0.0000 152.00009 2.82272
0.4000 0.4000 0.0000 160.00010 3.28023
0.4000 0.4000 0.0000 168.00010 3.86785
0.4000 0.4000 0.0000 176.00011 5.36563
0.4000 0.4000 0.0000 184.00011 6.95101
0.4000 0.4000 0.0000 192.00012 8.299
0.4000 0.4000 0.0000 200.00012 7.99415
0.4000 0.4000 0.0000 208.00013 7.35871
0.4000 0.4000 0.0000 216.00013 8.65438
0.4000 0.4000 0.0000 224.00014 11.2792
0.4000 0.4000 0.0000 232.00014 12.3029
0.4000 0.4000 0.0000 240.00015 11.8131
0.4000 0.4000 0.0000 248.00015 11.4416
0.4000 0.4000 0.0000 256.00016 11.2462
0.4000 0.4000 0.0000 264.00016 10.9422
0.4000 0.4000 0.0000 272.00017 10.6969
0.4000 0.4000 0.0000 280.00017 9.05866
0.4000 0.4000 0.0000 288.00017 6.74547
0.4000 0.4000 0.0000 296.00018 5.03278
0.4000 0.4000 0.0000 304.00018 4.13872
0.4000 0.4000 0.0000 312.00019 3.81838
0.4000 0.4000 0.0000 320.00019 3.80885
0.4000 0.4000 0.0000 328.00020 3.39679
0.4000 0.4000 0.0000 336.00020 2.72149
0.4000 0.4000 0.0000 344.00021 2.54514
0.4000 0.4000 0.0000 352.00021 2.34373
0.4000 0.4000 0.0000 360.00022 2.10765
0.4000 0.4000 0.0000 368.00022 2.16416
0.4000 0.4000 0.0000 376.00023 2.18657
0.4000 0.4000 0.0000 384.00023 1.78707
0.4000 0.4000 0.0000 392.00024 1.52693
0.4000 0.4000 0.0000 400.00024 1.57047
0.4000 0.4000 0.0000 408.00025 1.57072
0.4000 0.4000 0.0000 416.00025 1.3437
0.4000 0.4000 0.0000 424.00026 1.28104
0.4000 0.4000 0.0000 432.00026 1.23732
0.4000 0.4000 0.0000 440.00027 1.02155
0.4000 0.4000 0.0000 448.00027 0.934633
0.4000 0.4000 0.0000 456.00028 0.912032
0.4000 0.4000 0.0000 464.00028 0.985789
0.4000 0.4000 0.0000 472.00029 1.04897
0.4000 0.4000 0.0000 480.00029 0.986758
0.4000 0.4000 0.0000 488.00030 0.914512
0.4000 0.4000 0.0000 496.00030 0.876217
0.4000 0.4000 0.0000 504.00031 0.816886
0.4000 0.4000 0.0000 512.00031 0.774377
0.4000 0.4000 0.0000 520.00032 0.800044
0.4000 0.4000 0.0000 528.00032 0.784593
0.4000 0.4000 0.0000 536.00033 0.739148
0.4000 0.4000 0.0000 544.00033 0.716183
0.4000 0.4000 0.0000 552.00034 0.733436
0.4000 0.4000 0.0000 560.00034 0.73988
0.4000 0.4000 0.0000 568.00035 0.733957
0.4000 0.4000 0.0000 576.00035 0.694278
0.4000 0.4000 0.0000 584.00035 0.671502
0.4000 0.4000 0.0000 592.00036 0.645099
0.4000 0.4000 0.0000 600.00036 0.581521
0.4000 0.4000 0.0000 608.00037 0.556426
0.4000 0.4000 0.0000 616.00037 0.53827
0.4000 0.4000 0.0000 624.00038 0.561323
0.4000 0.4000 0.0000 632.00038 0.608069
0.4000 0.4000 0.0000 640.00039 0.603451
0.4000 0.4000 0.0000 648.00039 0.569683
0.4000 0.4000 0.0000 656.00040 0.547532
0.4000 0.4000 0.0000 664.00040 0.534481
0.4000 0.4000 0.0000 672.00041 0.49421
0.4000 0.4000 0.0000 680.00041 0.457101
0.4000 0.4000 0.0000 688.00042 0.442545
0.4000 0.4000 0.0000 696.00042 0.440205
0.4000 0.4000 0.0000 704.00043 0.416488
0.4000 0.4000 0.0000 712.00043 0.396638
0.4000 0.4000 0.0000 720.00044 0.385544
0.4000 0.4000 0.0000 728.00044 0.386885
0.4000 0.4000 0.0000 736.00045 0.37733
0.4000 0.4000 0.0000 744.00045 0.349073
0.4000 0.4000 0.0000 752.00046 0.339268
0.4000 0.4000 0.0000 760.00046 0.346362
0.4000 0.4000 0.0000 768.00047 0.350802
0.4000 0.4000 0.0000 776.00047 0.341648
0.4000 0.4000 0.0000 784.00048 0.340091
0.4000 0.4000 0.0000 792.00048 0.346234
0.4000 0.4000 0.0000 800.00049 0.363613

0.3750 0.3750 0.0000 8.00000 0.0405376
0.3750 0.3750 0.0000 16.00001 0.0957897
0.3750 0.3750 0.0000 24.00001 0.252675
0.3750 0.3750 0.0000 32.00002 0.254047
0.3750 0.3750 0.0000 40.00002 0.376833
0.3750 0.3750 0.0000 48.00003 0.397556
0.3750 0.3750 0.0000 56.00003 0.546781
0.3750 0.3750 0.0000 64.00004 0.780277
0.3750 0.3750 0.0000 72.00004 0.904642
0.3750 0.3750 0.0000 80.00005 0.793277
0.3750 0.3750 0.0000 88.00005 0.912929
0.3750 0.3750 0.0000 96.00006 1.08949
0.3750 0.3750 0.0000 104.00006 1.45606
0.3750 0.3750 0.0000 112.00007 2.15333
0.3750 0.3750 0.0000 120.00007 2.85001
0.3750 0.3750 0.0000 128.00008 3.31441
0.3750 0.3750 0.0000 136.00008 3.69441
0.3750 0.3750 0.0000 144.00009 3.91191
0.3750 0.3750 0.0000 152.00009 4.30564
0.3750 0.3750 0.0000 160.00010 5.54009
0.3750 0.3750 0.0000 168.00010 7.39022
0.3750 0.3750 0.0000 176.00011 10.1811
0.3750 0.3750 0.0000 184.00011 13.5569
0.3750 0.3750 0.0000 192.00012 16.4406
0.3750 0.3750 0.0000 200.00012 14.838
0.3750 0.3750 0.0000 208.00013 13.1906
0.3750 0.3750 0.0000 216.00013 11.5597
0.3750 0.3750 0.0000 224.00014 11.4265
0.3750 0.3750 0.0000 232.00014 10.0432
0.3750 0.3750 0.0000 240.00015 8.30903
0.3750 0.3750 0.0000 248.00015 7.28229
0.3750 0.3750 0.0000 256.00016 7.11499
0.3750 0.3750 0.0000 264.00016 6.9559
0.3750 0.3750 0.0000 272.00017 5.56643
0.3750 0.3750 0.0000 280.00017 4.20913
0.3750 0.3750 0.0000 288.00017 3.86758
0.3750 0.3750 0.0000 296.00018 3.71634
0.3750 0.3750 0.0000 304.00018 3.35767
0.3750 0.3750 0.0000 312.00019 2.88877
0.3750 0.3750 0.0000 320.00019 2.49963
0.3750 0.3750 0.0000 328.00020 2.14546
0.3750 0.3750 0.0000 336.00020 1.87309
0.3750 0.3750 0.0000 344.00021 1.71576
0.3750 0.3750 0.0000 352.00021 1.67733
0.3750 0.3750 0.0000 360.00022 1.6647
0.3750 0.3750 0.0000 368.00022 1.57336
0.3750 0.3750 0.0000 376.00023 1.52765
0.3750 0.3750 0.0000 384.00023 1.48917
0.3750 0.3750 0.0000 392.00024 1.49308
0.3750 0.3750 0.0000 400.00024 1.55765
0.3750 0.3750 0.0000 408.00025 1.49263
0.3750 0.3750 0.0000 416.00025 1.43845
0.3750 0.3750 0.0000 424.00026 1.35488
0.3750 0.3750 0.0000 432.00026 1.34179
0.3750 0.3750 0.0000 440.00027 1.22756
0.3750 0.3750 0.0000 448.00027 1.11357
0.3750 0.3750 0.0000 456.00028 1.16429
0.3750 0.3750 0.0000 464.00028 1.11545
0.3750 0.3750 0.0000 472.00029 1.00268
0.3750 0.3750 0.0000 480.00029 0.912044
0.3750 0.3750 0.0000 488.00030 0.830817
0.3750 0.3750 0.0000 496.00030 0.771438
0.3750 0.3750 0.0000 504.00031 0.728564
0.3750 0.3750 0.0000 512.00031 0.689569
0.3750 0.3750 0.0000 520.00032 0.662191
0.3750 0.3750 0.0000 528.00032 0.689895
0.3750 0.3750 0.0000 536.00033 0.726771
0.3750 0.3750 0.0000 544.00033 0.71279
0.3750 0.3750 0.0000 552.00034 0.695793
0.3750 0.3750 0.0000 560.00034 0.659431
0.3750 0.3750 0.0000 568.00035 0.58494
0.3750 0.3750 0.0000 576.00035 0.570089
0.3750 0.3750 0.0000 584.00035 0.587654
0.3750 0.3750 0.0000 592.00036 0.584831
0.3750 0.3750 0.0000 600.00036 0.528549
0.3750 0.3750 0.0000 608.00037 0.503964
0.3750 0.3750 0.0000 616.00037 0.518546
0.3750 0.3750 0.0000 624.00038 0.553643
0.3750 0.3750 0.0000 632.00038 0.556037
0.3750 0.3750 0.0000 640.00039 0.527063
0.3750 0.3750 0.0000 648.00039 0.49398
0.3750 0.3750 0.0000 656.00040 0.457687
0.3750 0.3750 0.0000 664.00040 0.432932
0.3750 0.3750 0.0000 672.00041 0.447581
0.3750 0.3750 0.0000 680.00041 0.443864
0.3750 0.3750 0.0000 688.00042 0.430357
0.3750 0.3750 0.0000 696.00042 0.423898
0.3750 0.3750 0.0000 704.00043 0.407361
0.3750 0.3750 0.0000 712.00043 0.420015
0.3750 0.3750 0.0000 720.00044 0.439185
0.3750 0.3750 0.0000 728.00044 0.441073
0.3750 0.3750 0.0000 736.00045 0.434829
0.3750 0.3750 0.0000 744.00045 0.430716
0.3750 0.3750 0.0000 752.00046 0.40532
0.3750 0.3750 0.0000 760.00046 0.385082
0.3750 0.3750 0.0000 768.00047 0.361612
0.3750 0.3750 0.0000 776.00047 0.346609
0.3750 0.3750 0.0000 784.00048 0.32684
0.3750 0.3750 0.0000 792.00048 0.30662
0.3750 0.3750 0.0000 800.00049 0.298202

0.3500 0.3500 0.0000 8.00000 0.0439235
0.3500 0.3500 0.0000 16.00001 0.153397
0.3500 0.3500 0.0000 24.00001 0.211428
0.3500 0.3500 0.0000 32.00002 0.501831
0.3500 0.3500 0.0000 40.00002 0.454897
0.3500 0.3500 0.0000 48.00003 0.745057
0.3500 0.3500 0.0000 56.00003 1.03605
0.3500 0.3500 0.0000 64.00004 1.32875
0.3500 0.3500 0.0000 72.00004 1.66644
0.3500 0.3500 0.0000 80.00005 2.02879
0.3500 0.3500 0.0000 88.00005 2.20733
0.3500 0.3500 0.0000 96.00006 2.27641
0.3500 0.3500 0.0000 104.00006 2.80118
0.3500 0.3500 0.0000 112.00007 3.96825
0.3500 0.3500 0.0000 120.00007 5.74478
0.3500 0.3500 0.0000 128.00008 7.43326
0.3500 0.3500 0.0000 136.00008 8.86745
0.3500 0.3500 0.0000 144.00009 10.9961
0.3500 0.3500 0.0000 152.00009 13.0109
0.3500 0.3500 0.0000 160.00010 14.1346
0.3500 0.3500 0.0000 168.00010 16.8351
0.3500 0.3500 0.0000 176.00011 15.9944
0.3500 0.3500 0.0000 184.00011 11.6196
0.3500 0.3500 0.0000 192.00012 11.1295
0.3500 0.3500 0.0000 200.00012 10.956
0.3500 0.3500 0.0000 208.00013 10.3476
0.3500 0.3500 0.0000 216.00013 8.65582
0.3500 0.3500 0.0000 224.00014 6.64653
0.3500 0.3500 0.0000 232.00014 5.14093
0.3500 0.3500 0.0000 240.00015 4.97992
0.3500 0.3500 0.0000 248.00015 5.08283
0.3500 0.3500 0.0000 256.00016 4.45298
0.3500 0.3500 0.0000 264.00016 4.12428
0.3500 0.3500 0.0000 272.00017 3.89516
0.3500 0.3500 0.0000 280.00017 3.26303
0.3500 0.3500 0.0000 288.00017 2.84559
0.3500 0.3500 0.0000 296.00018 2.95576
0.3500 0.3500 0.0000 304.00018 3.20221
0.3500 0.3500 0.0000 312.00019 3.00359
0.3500 0.3500 0.0000 320.00019 2.51315
0.3500 0.3500 0.0000 328.00020 2.26519
0.3500 0.3500 0.0000 336.00020 1.95465
0.3500 0.3500 0.0000 344.00021 1.6627
0.3500 0.3500 0.0000 352.00021 1.5928
0.3500 0.3500 0.0000 360.00022 1.4857
0.3500 0.3500 0.0000 368.00022 1.41719
0.3500 0.3500 0.0000 376.00023 1.35613
0.3500 0.3500 0.0000 384.00023 1.30912
0.3500 0.3500 0.0000 392.00024 1.32756
0.3500 0.3500 0.0000 400.00024 1.28338
0.3500 0.3500 0.0000 408.00025 1.13304
0.3500 0.3500 0.0000 416.00025 0.910015
0.3500 0.3500 0.0000 424.00026 0.812647
0.3500 0.3500 0.0000 432.00026 0.842813
0.3500 0.3500 0.0000 440.00027 0.889227
0.3500 0.3500 0.0000 448.00027 0.932852
0.3500 0.3500 0.0000 456.00028 0.929202
0.3500 0.3500 0.0000 464.00028 0.913362
0.3500 0.3500 0.0000 472.00029 0.894685
0.3500 0.3500 0.0000 480.00029 0.801152
0.3500 0.3500 0.0000 488.00030 0.726444
0.3500 0.3500 0.0000 496.00030 0.702964
0.3500 0.3500 0.0000 504.00031 0.696435
0.3500 0.3500 0.0000 512.00031 0.67817
0.3500 0.3500 0.0000 520.00032 0.640819
0.3500 0.3500 0.0000 528.00032 0.615814
0.3500 0.3500 0.0000 536.00033 0.643129
0.3500 0.3500 0.0000 544.00033 0.649761
0.3500 0.3500 0.0000 552.00034 0.601112
0.3500 0.3500 0.0000 560.00034 0.565789
0.3500 0.3500 0.0000 568.00035 0.572497
0.3500 0.3500 0.0000 576.00035 0.584459
0.3500 0.3500 0.0000 584.00035 0.576697
0.3500 0.3500 0.0000 592.00036 0.546627
0.3500 0.3500 0.0000 600.00036 0.525405
0.3500 0.3500 0.0000 608.00037 0.520105
0.3500 0.3500 0.0000 616.00037 0.53026
0.3500 0.3500 0.0000 624.00038 0.5162
0.3500 0.3500 0.0000 632.00038 0.487692
0.3500 0.3500 0.0000 640.00039 0.46252
0.3500 0.3500 0.0000 648.00039 0.453675
0.3500 0.3500 0.0000 656.00040 0.441586
0.3500 0.3500 0.0000 664.00040 0.398873
0.3500 0.3500 0.0000 672.00041 0.370146
0.3500 0.3500 0.0000 680.00041 0.378583
0.3500 0.3500 0.0000 688.00042 0.379826
0.3500 0.3500 0.0000 696.00042 0.38293
0.3500 0.3500 0.0000 704.00043 0.391913
0.3500 0.3500 0.0000 712.00043 0.394676
0.3500 0.3500 0.0000 720.00044 0.403661
0.3500 0.3500 0.0000 728.00044 0.400724
0.3500 0.3500 0.0000 736.00045 0.396558
0.3500 0.3500 0.0000 744.00045 0.390808
0.3500 0.3500 0.0000 752.00046 0.384991
0.3500 0.3500 0.0000 760.00046 0.371376
0.3500 0.3500 0.0000 768.00047 0.364008
0.3500 0.3500 0.0000 776.00047 0.358226
0.3500 0.3500 0.0000 784.00048 0.354081
0.3500 0.3500 0.0000 792.00048 0.367512
0.3500 0.3500 0.0000 800.00049 0.346225

0.3250 0.3250 0.0000 8.00000 0.101042
0.3250 0.3250 0.0000 16.00001 0.402251
0.3250 0.3250 0.0000 24.00001 0.451867
0.3250 0.3250 0.0000 32.00002 1.27569
0.3250 0.3250 0.0000 40.00002 1.13307
0.3250 0.3250 0.0000 48.00003 1.44193
0.3250 0.3250 0.0000 56.00003 1.95703
0.3250 0.3250 0.0000 64.00004 2.55124
0.3250 0.3250 0.0000 72.00004 3.70715
0.3250 0.3250 0.0000 80.00005 5.34843
0.3250 0.3250 0.0000 88.00005 6.74007
0.3250 0.3250 0.0000 96.00006 6.80976
0.3250 0.3250 0.0000 104.00006 7.21344
0.3250 0.3250 0.0000 112.00007 7.85975
0.3250 0.3250 0.0000 120.00007 8.61273
0.3250 0.3250 0.0000 128.00008 11.5271
0.3250 0.3250 0.0000 136.00008 13.6684
0.3250 0.3250 0.0000 144.00009 16.1864
0.3250 0.3250 0.0000 152.00009 16.3724
0.3250 0.3250 0.0000 160.00010 13.0258
0.3250 0.3250 0.0000 168.00010 12.9082
0.3250 0.3250 0.0000 176.00011 12.1461
0.3250 0.3250 0.0000 184.00011 10.4505
0.3250 0.3250 0.0000 192.00012 9.81408
0.3250 0.3250 0.0000 200.00012 9.14137
0.3250 0.3250 0.0000 208.00013 8.06078
0.3250 0.3250 0.0000 216.00013 7.38453
0.3250 0.3250 0.0000 224.00014 7.02396
0.3250 0.3250 0.0000 232.00014 6.00524
0.3250 0.3250 0.0000 240.00015 4.94675
0.3250 0.3250 0.0000 248.00015 4.13059
0.3250 0.3250 0.0000 256.00016 3.7739
0.3250 0.3250 0.0000 264.00016 3.34
0.3250 0.3250 0.0000 272.00017 2.52707
0.3250 0.3250 0.0000 280.00017 1.98087
0.3250 0.3250 0.0000 288.00017 1.60247
0.3250 0.3250 0.0000 296.00018 1.52337
0.3250 0.3250 0.0000 304.00018 1.51878
0.3250 0.3250 0.0000 312.00019 1.49391
0.3250 0.3250 0.0000 320.00019 1.53347
0.3250 0.3250 0.0000 328.00020 1.62622
0.3250 0.3250 0.0000 336.00020 1.67364
0.3250 0.3250 0.0000 344.00021 1.67789
0.3250 0.3250 0.0000 352.00021 1.38945
0.3250 0.3250 0.0000 360.00022 1.38289
0.3250 0.3250 0.0000 368.00022 1.30783
0.3250 0.3250 0.0000 376.00023 1.18354
0.3250 0.3250 0.0000 384.00023 0.991281
0.3250 0.3250 0.0000 392.00024 0.907831
0.3250 0.3250 0.0000 400.00024 0.885609
0.3250 0.3250 0.0000 408.00025 0.840878
0.3250 0.3250 0.0000 416.00025 0.861814
0.3250 0.3250 0.0000 424.00026 0.816372
0.3250 0.3250 0.0000 432.00026 0.695405
0.3250 0.3250 0.0000 440.00027 0.64872
0.3250 0.3250 0.0000 448.00027 0.684416
0.3250 0.3250 0.0000 456.00028 0.719269
0.3250 0.3250 0.0000 464.00028 0.743085
0.3250 0.3250 0.0000 472.00029 0.745575
0.3250 0.3250 0.0000 480.00029 0.656252
0.3250 0.3250 0.0000 488.00030 0.599291
0.3250 0.3250 0.0000 496.00030 0.620721
0.3250 0.3250 0.0000 504.00031 0.640943
0.3250 0.3250 0.0000 512.00031 0.657945
0.3250 0.3250 0.0000 520.00032 0.663972
0.3250 0.3250 0.0000 528.00032 0.687327
0.3250 0.3250 0.0000 536.00033 0.657759
0.3250 0.3250 0.0000 544.00033 0.589717
0.3250 0.3250 0.0000 552.00034 0.550611
0.3250 0.3250 0.0000 560.00034 0.550262
0.3250 0.3250 0.0000 568.00035 0.57468
0.3250 0.3250 0.0000 576.00035 0.624154
0.3250 0.3250 0.0000 584.00035 0.623448
0.3250 0.3250 0.0000 592.00036 0.580538
0.3250 0.3250 0.0000 600.00036 0.508257
0.3250 0.3250 0.0000 608.00037 0.438502
0.3250 0.3250 0.0000 616.00037 0.404964
0.3250 0.3250 0.0000 624.00038 0.404898
0.3250 0.3250 0.0000 632.00038 0.424552
0.3250 0.3250 0.0000 640.00039 0.433302
0.3250 0.3250 0.0000 648.00039 0.416002
0.3250 0.3250 0.0000 656.00040 0.422056
0.3250 0.3250 0.0000 664.00040 0.44924
0.3250 0.3250 0.0000 672.00041 0.441966
0.3250 0.3250 0.0000 680.00041 0.39035
0.3250 0.3250 0.0000 688.00042 0.360984
0.3250 0.3250 0.0000 696.00042 0.364081
0.3250 0.3250 0.0000 704.00043 0.373445
0.3250 0.3250 0.0000 712.00043 0.373168
0.3250 0.3250 0.0000 720.00044 0.369025
0.3250 0.3250 0.0000 728.00044 0.356863
0.3250 0.3250 0.0000 736.00045 0.354167
0.3250 0.3250 0.0000 744.00045 0.367061
0.3250 0.3250 0.0000 752.00046 0.3615
0.3250 0.3250 0.0000 760.00046 0.331723
0.3250 0.3250 0.0000 768.00047 0.328965
0.3250 0.3250 0.0000 776.00047 0.323882
0.3250 0.3250 0.0000 784.00048 0.307585
0.3250 0.3250 0.0000 792.00048 0.300863
0.3250 0.3250 0.0000 800.00049 0.301976

0.3000 0.3000 0.0000 8.00000 0.110963
0.3000 0.3000 0.0000 16.00001 0.231422
0.3000 0.3000 0.0000 24.00001 0.695438
0.3000 0.3000 0.0000 32.00002 1.28196
0.3000 0.3000 0.0000 40.00002 1.40618
0.3000 0.3000 0.0000 48.00003 2.19611
0.3000 0.3000 0.0000 56.00003 3.65493
0.3000 0.3000 0.0000 64.00004 3.82265
0.3000 0.3000 0.0000 72.00004 4.16035
0.3000 0.3000 0.0000 80.00005 6.30655
0.3000 0.3000 0.0000 88.00005 8.56351
0.3000 0.3000 0.0000 96.00006 9.75819
0.3000 0.3000 0.0000 104.00006 10.3725
0.3000 0.3000 0.0000 112.00007 12.0745
0.3000 0.3000 0.0000 120.00007 15.7889
0.3000 0.3000 0.0000 128.00008 20.0325
0.3000 0.3000 0.0000 136.00008 21.6283
0.3000 0.3000 0.0000 144.00009 22.4864
0.3000 0.3000 0.0000 152.00009 17.6653
0.3000 0.3000 0.0000 160.00010 12.9318
0.3000 0.3000 0.0000 168.00010 10.085
0.3000 0.3000 0.0000 176.00011 8.86204
0.3000 0.3000 0.0000 184.00011 8.42198
0.3000 0.3000 0.0000 192.00012 7.6536
0.3000 0.3000 0.0000 200.00012 5.9653
0.3000 0.3000 0.0000 208.00013 4.9271
0.3000 0.3000 0.0000 216.00013 4.12111
0.3000 0.3000 0.0000 224.00014 3.37714
0.3000 0.3000 0.0000 232.00014 3.01037
0.3000 0.3000 0.0000 240.00015 2.81962
0.3000 0.3000 0.0000 248.00015 2.89322
0.3000 0.3000 0.0000 256.00016 2.68134
0.3000 0.3000 0.0000 264.00016 2.37579
0.3000 0.3000 0.0000 272.00017 2.17062
0.3000 0.3000 0.0000 280.00017 1.98324
0.3000 0.3000 0.0000 288.00017 1.73959
0.3000 0.3000 0.0000 296.00018 1.54627
0.3000 0.3000 0.0000 304.00018 1.4217
0.3000 0.3000 0.0000 312.00019 1.32886
0.3000 0.3000 0.0000 320.00019 1.31895
0.3000 0.3000 0.0000 328.00020 1.22132
0.3000 0.3000 0.0000 336.00020 1.27401
0.3000 0.3000 0.0000 344.00021 1.31942
0.3000 0.3000 0.0000 352.00021 1.43246
0.3000 0.3000 0.0000 360.00022 1.42706
0.3000 0.3000 0.0000 368.00022 1.31364
0.3000 0.3000 0.0000 376.00023 1.17678
0.3000 0.3000 0.0000 384.00023 1.0744
0.3000 0.3000 0.0000 392.00024 0.976446
0.3000 0.3000 0.0000 400.00024 0.858331
0.3000 0.3000 0.0000 408.00025 0.79444
0.3000 0.3000 0.0000 416.00025 0.749221
0.3000 0.3000 0.0000 424.00026 0.753947
0.3000 0.3000 0.0000 432.00026 0.741175
0.3000 0.3000 0.0000 440.00027 0.639574
0.3000 0.3000 0.0000 448.00027 0.620094
0.3000 0.3000 0.0000 456.00028 0.645687
0.3000 0.3000 0.0000 464.00028 0.634753
0.3000 0.3000 0.0000 472.00029 0.583287
0.3000 0.3000 0.0000 480.00029 0.546008
0.3000 0.3000 0.0000 488.00030 0.539446
0.3000 0.3000 0.0000 496.00030 0.548256
0.3000 0.3000 0.0000 504.00031 0.538624
0.3000 0.3000 0.0000 512.00031 0.51156
0.3000 0.3000 0.0000 520.00032 0.493758
0.3000 0.3000 0.0000 528.00032 0.514424
0.3000 0.3000 0.0000 536.00033 0.519062
0.3000 0.3000 0.0000 544.00033 0.497683
0.3000 0.3000 0.0000 552.00034 0.447114
0.3000 0.3000 0.0000 560.00034 0.435551
0.3000 0.3000 0.0000 568.00035 0.451022
0.3000 0.3000 0.0000 576.00035 0.440972
0.3000 0.3000 0.0000 584.00035 0.426432
0.3000 0.3000 0.0000 592.00036 0.408004
0.3000 0.3000 0.0000 600.00036 0.406417
0.3000 0.3000 0.0000 608.00037 0.424478
0.3000 0.3000 0.0000 616.00037 0.434971
0.3000 0.3000 0.0000 624.00038 0.444333
0.3000 0.3000 0.0000 632.00038 0.418639
0.3000 0.3000 0.0000 640.00039 0.387507
0.3000 0.3000 0.0000 648.00039 0.382627
0.3000 0.3000 0.0000 656.00040 0.380743
0.3000 0.3000 0.0000 664.00040 0.391822
0.3000 0.3000 0.0000 672.00041 0.389976
0.3000 0.3000 0.0000 680.00041 0.35072
0.3000 0.3000 0.0000 688.00042 0.333487
0.3000 0.3000 0.0000 696.00042 0.326394
0.3000 0.3000 0.0000 704.00043 0.327179
0.3000 0.3000 0.0000 712.00043 0.31986
0.3000 0.3000 0.0000 720.00044 0.2973
0.3000 0.3000 0.0000 728.00044 0.286284
0.3000 0.3000 0.0000 736.00045 0.283414
0.3000 0.3000 0.0000 744.00045 0.283592
0.3000 0.3000 0.0000 752.00046 0.276556
0.3000 0.3000 0.0000 760.00046 0.283072
0.3000 0.3000 0.0000 768.00047 0.306146
0.3000 0.3000 0.0000 776.00047 0.326744
0.3000 0.3000 0.0000 784.00048 0.326194
0.3000 0.3000 0.0000 792.00048 0.307086
0.3000 0.3000 0.0000 800.00049 0.301661

0.2750 0.2750 0.0000 8.00000 0.722338
0.2750 0.2750 0.0000 16.00001 0.64932
0.2750 0.2750 0.0000 24.00001 0.819851
0.2750 0.2750 0.0000 32.00002 1.3138
0.2750 0.2750 0.0000 40.00002 1.7263
0.2750 0.2750 0.0000 48.00003 2.01562
0.2750 0.2750 0.0000 56.00003 2.55473
0.2750 0.2750 0.0000 64.00004 3.68692
0.2750 0.2750 0.0000 72.00004 5.60096
0.2750 0.2750 0.0000 80.00005 6.99418
0.2750 0.2750 0.0000 88.00005 8.78264
0.2750 0.2750 0.0000 96.00006 12.8684
0.2750 0.2750 0.0000 104.00006 18.6637
0.2750 0.2750 0.0000 112.00007 24.0537
0.2750 0.2750 0.0000 120.00007 25.4489
0.2750 0.2750 0.0000 128.00008 22.4111
0.2750 0.2750 0.0000 136.00008 19.6476
0.2750 0.2750 0.0000 144.00009 16.3718
0.2750 0.2750 0.0000 152.00009 13.2155
0.2750 0.2750 0.0000 160.00010 10.6258
0.2750 0.2750 0.0000 168.00010 9.51661
0.2750 0.2750 0.0000 176.00011 8.38436
0.2750 0.2750 0.0000 184.00011 6.72678
0.2750 0.2750 0.0000 192.00012 5.32227
0.2750 0.2750 0.0000 200.00012 4.30746
0.2750 0.2750 0.0000 208.00013 3.99902
0.2750 0.2750 0.0000 216.00013 3.88825
0.2750 0.2750 0.0000 224.00014 3.29274
0.2750 0.2750 0.0000 232.00014 2.68738
0.2750 0.2750 0.0000 240.00015 2.42421
0.2750 0.2750 0.0000 248.00015 2.34667
0.2750 0.2750 0.0000 256.00016 2.53701
0.2750 0.2750 0.0000 264.00016 2.35105
0.2750 0.2750 0.0000 272.00017 1.94945
0.2750 0.2750 0.0000 280.00017 1.65999
0.2750 0.2750 0.0000 288.00017 1.60867
0.2750 0.2750 0.0000 296.00018 1.53601
0.2750 0.2750 0.0000 304.00018 1.53868
0.2750 0.2750 0.0000 312.00019 1.46923
0.2750 0.2750 0.0000 320.00019 1.23316
0.2750 0.2750 0.0000 328.00020 1.06802
0.2750 0.2750 0.0000 336.00020 1.0358
0.2750 0.2750 0.0000 344.00021 1.18103
0.2750 0.2750 0.0000 352.00021 1.08146
0.2750 0.2750 0.0000 360.00022 0.907516
0.2750 0.2750 0.0000 368.00022 0.842116
0.2750 0.2750 0.0000 376.00023 0.787659
0.2750 0.2750 0.0000 384.00023 0.752564
0.2750 0.2750 0.0000 392.00024 0.688123
0.2750 0.2750 0.0000 400.00024 0.652132
0.2750 0.2750 0.0000 408.00025 0.603746
0.2750 0.2750 0.0000 416.00025 0.55887
0.2750 0.2750 0.0000 424.00026 0.540987
0.2750 0.2750 0.0000 432.00026 0.523497
0.2750 0.2750 0.0000 440.00027 0.489945
0.2750 0.2750 0.0000 448.00027 0.492013
0.2750 0.2750 0.0000 456.00028 0.501577
0.2750 0.2750 0.0000 464.00028 0.494548
0.2750 0.2750 0.0000 472.00029 0.48629
0.2750 0.2750 0.0000 480.00029 0.457274
0.2750 0.2750 0.0000 488.00030 0.481474
0.2750 0.2750 0.0000 496.00030 0.502473
0.2750 0.2750 0.0000 504.00031 0.481032
0.2750 0.2750 0.0000 512.00031 0.4752
0.2750 0.2750 0.0000 520.00032 0.467403
0.2750 0.2750 0.0000 528.00032 0.469496
0.2750 0.2750 0.0000 536.00033 0.453107
0.2750 0.2750 0.0000 544.00033 0.452864
0.2750 0.2750 0.0000 552.00034 0.464595
0.2750 0.2750 0.0000 560.00034 0.430379
0.2750 0.2750 0.0000 568.00035 0.404925
0.2750 0.2750 0.0000 576.00035 0.409447
0.2750 0.2750 0.0000 584.00035 0.398053
0.2750 0.2750 0.0000 592.00036 0.373595
0.2750 0.2750 0.0000 600.00036 0.361872
0.2750 0.2750 0.0000 608.00037 0.351538
0.2750 0.2750 0.0000 616.00037 0.336757
0.2750 0.2750 0.0000 624.00038 0.307573
0.2750 0.2750 0.0000 632.00038 0.301459
0.2750 0.2750 0.0000 640.00039 0.313977
0.2750 0.2750 0.0000 648.00039 0.309526
0.2750 0.2750 0.0000 656.00040 0.316401
0.2750 0.2750 0.0000 664.00040 0.32098
0.2750 0.2750 0.0000 672.00041 0.329896
0.2750 0.2750 0.0000 680.00041 0.307873
0.2750 0.2750 0.0000 688.00042 0.281512
0.2750 0.2750 0.0000 696.00042 0.27545
0.2750 0.2750 0.0000 704.00043 0.27509
0.2750 0.2750 0.0000 712.00043 0.279446
0.2750 0.2750 0.0000 720.00044 0.271459
0.2750 0.2750 0.0000 728.00044 0.274276
0.2750 0.2750 0.0000 736.00045 0.297424
0.2750 0.2750 0.0000 744.00045 0.314949
0.2750 0.2750 0.0000 752.00046 0.323059
0.2750 0.2750 0.0000 760.00046 0.301908
0.2750 0.2750 0.0000 768.00047 0.292587
0.2750 0.2750 0.0000 776.00047 0.288081
0.2750 0.2750 0.0000 784.00048 0.284598
0.2750 0.2750 0.0000 792.00048 0.270117
0.2750 0.2750 0.0000 800.00049 0.241661

0.2500 0.2500 0.0000 8.00000 0.278927
0.2500 0.2500 0.0000 16.00001 0.428963
0.2500 0.2500 0.0000 24.00001 0.889557
0.2500 0.2500 0.0000 32.00002 1.45567
0.2500 0.2500 0.0000 40.00002 2.30332
0.2500 0.2500 0.0000 48.00003 2.03557
0.2500 0.2500 0.0000 56.00003 2.79856
0.2500 0.2500 0.0000 64.00004 4.02205
0.2500 0.2500 0.0000 72.00004 6.26563
0.2500 0.2500 0.0000 80.00005 8.82907
0.2500 0.2500 0.0000 88.00005 12.4783
0.2500 0.2500 0.0000 96.00006 17.8829
0.2500 0.2500 0.0000 104.00006 22.7831
0.2500 0.2500 0.0000 112.00007 25.4372
0.2500 0.2500 0.0000 120.00007 26.4033
0.2500 0.2500 0.0000 128.00008 22.8005
0.2500 0.2500 0.0000 136.00008 18.5923
0.2500 0.2500 0.0000 144.00009 16.0306
0.2500 0.2500 0.0000 152.00009 11.6241
0.2500 0.2500 0.0000 160.00010 8.47472
0.2500 0.2500 0.0000 168.00010 7.2084
0.2500 0.2500 0.0000 176.00011 6.6095
0.2500 0.2500 0.0000 184.00011 6.32663
0.2500 0.2500 0.0000 192.00012 6.25353
0.2500 0.2500 0.0000 200.00012 6.01216
0.2500 0.2500 0.0000 208.00013 4.77098
0.2500 0.2500 0.0000 216.00013 3.30073
0.2500 0.2500 0.0000 224.00014 2.52747
0.2500 0.2500 0.0000 232.00014 2.31093
0.2500 0.2500 0.0000 240.00015 2.18967
0.2500 0.2500 0.0000 248.00015 1.78576
0.2500 0.2500 0.0000 256.00016 1.5472
0.2500 0.2500 0.0000 264.00016 1.43622
0.2500 0.2500 0.0000 272.00017 1.29794
0.2500 0.2500 0.0000 280.00017 1.25295
0.2500 0.2500 0.0000 288.00017 1.19686
0.2500 0.2500 0.0000 296.00018 1.13441
0.2500 0.2500 0.0000 304.00018 1.07849
0.2500 0.2500 0.0000 312.00019 0.969897
0.2500 0.2500 0.0000 320.00019 0.938455
0.2500 0.2500 0.0000 328.00020 1.08044
0.2500 0.2500 0.0000 336.00020 1.1096
0.2500 0.2500 0.0000 344.00021 1.05955
0.2500 0.2500 0.0000 352.00021 0.936356
0.2500 0.2500 0.0000 360.00022 0.766231
0.2500 0.2500 0.0000 368.00022 0.666215
0.2500 0.2500 0.0000 376.00023 0.587449
0.2500 0.2500 0.0000 384.00023 0.528729
0.2500 0.2500 0.0000 392.00024 0.490521
0.2500 0.2500 0.0000 400.00024 0.520335
0.2500 0.2500 0.0000 408.00025 0.546456
0.2500 0.2500 0.0000 416.00025 0.540527
0.2500 0.2500 0.0000 424.00026 0.50454
0.2500 0.2500 0.0000 432.00026 0.487341
0.2500 0.2500 0.0000 440.00027 0.485322
0.2500 0.2500 0.0000 448.00027 0.488429
0.2500 0.2500 0.0000 456.00028 0.475579
0.2500 0.2500 0.0000 464.00028 0.442791
0.2500 0.2500 0.0000 472.00029 0.42227
0.2500 0.2500 0.0000 480.00029 0.426256
0.2500 0.2500 0.0000 488.00030 0.427227
0.2500 0.2500 0.0000 496.00030 0.453488
0.2500 0.2500 0.0000 504.00031 0.482566
0.2500 0.2500 0.0000 512.00031 0.464658
0.2500 0.2500 0.0000 520.00032 0.453913
0.2500 0.2500 0.0000 528.00032 0.437128
0.2500 0.2500 0.0000 536.00033 0.421863
0.2500 0.2500 0.0000 544.00033 0.418909
0.2500 0.2500 0.0000 552.00034 0.400081
0.2500 0.2500 0.0000 560.00034 0.386578
0.2500 0.2500 0.0000 568.00035 0.372342
0.2500 0.2500 0.0000 576.00035 0.340158
0.2500 0.2500 0.0000 584.00035 0.327553
0.2500 0.2500 0.0000 592.00036 0.329997
0.2500 0.2500 0.0000 600.00036 0.318032
0.2500 0.2500 0.0000 608.00037 0.322959
0.2500 0.2500 0.0000 616.00037 0.326061
0.2500 0.2500 0.0000 624.00038 0.312711
0.2500 0.2500 0.0000 632.00038 0.310269
0.2500 0.2500 0.0000 640.00039 0.299
0.2500 0.2500 0.0000 648.00039 0.27938
0.2500 0.2500 0.0000 656.00040 0.264986
0.2500 0.2500 0.0000 664.00040 0.264946
0.2500 0.2500 0.0000 672.00041 0.269079
0.2500 0.2500 0.0000 680.00041 0.261325
0.2500 0.2500 0.0000 688.00042 0.259483
0.2500 0.2500 0.0000 696.00042 0.272483
0.2500 0.2500 0.0000 704.00043 0.283777
0.2500 0.2500 0.0000 712.00043 0.291147
0.2500 0.2500 0.0000 720.00044 0.28109
0.2500 0.2500 0.0000 728.00044 0.264135
0.2500 0.2500 0.0000 736.00045 0.244892
0.2500 0.2500 0.0000 744.00045 0.235379
0.2500 0.2500 0.0000 752.00046 0.22422
0.2500 0.2500 0.0000 760.00046 0.21027
0.2500 0.2500 0.0000 768.00047 0.206137
0.2500 0.2500 0.0000 776.00047 0.209619
0.2500 0.2500 0.0000 784.00048 0.201762
0.2500 0.2500 0.0000 792.00048 0.200712
0.2500 0.2500 0.0000 800.00049 0.204944

0.2250 0.2250 0.0000 8.00000 0.729638
0.2250 0.2250 0.0000 16.00001 0.928053
0.2250 0.2250 0.0000 24.00001 1.48014
0.2250 0.2250 0.0000 32.00002 2.65465
0.2250 0.2250 0.0000 40.00002 3.07818
0.2250 0.2250 0.0000 48.00003 6.06119
0.2250 0.2250 0.0000 56.00003 8.2345
0.2250 0.2250 0.0000 64.00004 9.81699
0.2250 0.2250 0.0000 72.00004 9.62327
0.2250 0.2250 0.0000 80.00005 9.68241
0.2250 0.2250 0.0000 88.00005 13.4904
0.2250 0.2250 0.0000 96.00006 17.8468
0.2250 0.2250 0.0000 104.00006 21.5264
0.2250 0.2250 0.0000 112.00007 22.4194
0.2250 0.2250 0.0000 120.00007 20.8334
0.2250 0.2250 0.0000 128.00008 17.0631
0.2250 0.2250 0.0000 136.00008 14.7086
0.2250 0.2250 0.0000 144.00009 13.3634
0.2250 0.2250 0.0000 152.00009 11.8521
0.2250 0.2250 0.0000 160.00010 10.1881
0.2250 0.2250 0.0000 168.00010 8.52208
0.2250 0.2250 0.0000 176.00011 6.44037
0.2250 0.2250 0.0000 184.00011 4.88515
0.2250 0.2250 0.0000 192.00012 4.13201
0.2250 0.2250 0.0000 200.00012 4.06364
0.2250 0.2250 0.0000 208.00013 3.85127
0.2250 0.2250 0.0000 216.00013 3.45071
0.2250 0.2250 0.0000 224.00014 3.34802
0.2250 0.2250 0.0000 232.00014 2.85977
0.2250 0.2250 0.0000 240.00015 2.10809
0.2250 0.2250 0.0000 248.00015 1.55789
0.2250 0.2250 0.0000 256.00016 1.32993
0.2250 0.2250 0.0000 264.00016 1.23032
0.2250 0.2250 0.0000 272.00017 1.20092
0.2250 0.2250 0.0000 280.00017 1.16366
0.2250 0.2250 0.0000 288.00017 1.13006
0.2250 0.2250 0.0000 296.00018 1.09892
0.2250 0.2250 0.0000 304.00018 1.00651
0.2250 0.2250 0.0000 312.00019 0.912383
0.2250 0.2250 0.0000 320.00019 0.950191
0.2250 0.2250 0.0000 328.00020 0.968208
0.2250 0.2250 0.0000 336.00020 0.982882
0.2250 0.2250 0.0000 344.00021 1.01647
0.2250 0.2250 0.0000 352.00021 0.973843
0.2250 0.2250 0.0000 360.00022 0.866895
0.2250 0.2250 0.0000 368.00022 0.706459
0.2250 0.2250 0.0000 376.00023 0.57813
0.2250 0.2250 0.0000 384.00023 0.522635
0.2250 0.2250 0.0000 392.00024 0.505827
0.2250 0.2250 0.0000 400.00024 0.522613
0.2250 0.2250 0.0000 408.00025 0.52418
0.2250 0.2250 0.0000 416.00025 0.492339
0.2250 0.2250 0.0000 424.00026 0.454321
0.2250 0.2250 0.0000 432.00026 0.423705
0.2250 0.2250 0.0000 440.00027 0.393946
0.2250 0.2250 0.0000 448.00027 0.40461
0.2250 0.2250 0.0000 456.00028 0.408543
0.2250 0.2250 0.0000 464.00028 0.397419
0.2250 0.2250 0.0000 472.00029 0.400367
0.2250 0.2250 0.0000 480.00029 0.406671
0.2250 0.2250 0.0000 488.00030 0.411812
0.2250 0.2250 0.0000 496.00030 0.401097
0.2250 0.2250 0.0000 504.00031 0.404
0.2250 0.2250 0.0000 512.00031 0.407518
0.2250 0.2250 0.0000 520.00032 0.401715
0.2250 0.2250 0.0000 528.00032 0.40182
0.2250 0.2250 0.0000 536.00033 0.39324
0.2250 0.2250 0.0000 544.00033 0.398425
0.2250 0.2250 0.0000 552.00034 0.401295
0.2250 0.2250 0.0000 560.00034 0.39179
0.2250 0.2250 0.0000 568.00035 0.373408
0.2250 0.2250 0.0000 576.00035 0.351137
0.2250 0.2250 0.0000 584.00035 0.338756
0.2250 0.2250 0.0000 592.00036 0.319844
0.2250 0.2250 0.0000 600.00036 0.29795
0.2250 0.2250 0.0000 608.00037 0.294219
0.2250 0.2250 0.0000 616.00037 0.279238
0.2250 0.2250 0.0000 624.00038 0.281107
0.2250 0.2250 0.0000 632.00038 0.289641
0.2250 0.2250 0.0000 640.00039 0.267112
0.2250 0.2250 0.0000 648.00039 0.254712
0.2250 0.2250 0.0000 656.00040 0.258083
0.2250 0.2250 0.0000 664.00040 0.251885
0.2250 0.2250 0.0000 672.00041 0.240349
0.2250 0.2250 0.0000 680.00041 0.237329
0.2250 0.2250 0.0000 688.00042 0.232957
0.2250 0.2250 0.0000 696.00042 0.248546
0.2250 0.2250 0.0000 704.00043 0.261899
0.2250 0.2250 0.0000 712.00043 0.254157
0.2250 0.2250 0.0000 720.00044 0.242371
0.2250 0.2250 0.0000 728.00044 0.236897
0.2250 0.2250 0.0000 736.00045 0.234208
0.2250 0.2250 0.0000 744.00045 0.242595
0.2250 0.2250 0.0000 752.00046 0.230798
0.2250 0.2250 0.0000 760.00046 0.219942
0.2250 0.2250 0.0000 768.00047 0.209133
0.2250 0.2250 0.0000 776.00047 0.211491
0.2250 0.2250 0.0000 784.00048 0.20348
0.2250 0.2250 0.0000 792.00048 0.19905
0.2250 0.2250 0.0000 800.00049 0.188064

0.2000 0.2000 0.0000 8.00000 0.542814
0.2000 0.2000 0.0000 16.00001 1.64618
0.2000 0.2000 0.0000 24.00001 3.8322
0.2000 0.2000 0.0000 32.00002 5.42301
0.2000 0.2000 0.0000 40.00002 9.03428
0.2000 0.2000 0.0000 48.00003 14.6967
0.2000 0.2000 0.0000 56.00003 20.2873
0.2000 0.2000 0.0000 64.00004 19.068
0.2000 0.2000 0.0000 72.00004 16.9052
0.2000 0.2000 0.0000 80.00005 17.88
0.2000 0.2000 0.0000 88.00005 16.3291
0.2000 0.2000 0.0000 96.00006 14.3701
0.2000 0.2000 0.0000 104.00006 13.3568
0.2000 0.2000 0.0000 112.00007 12.8662
0.2000 0.2000 0.0000 120.00007 12.2431
0.2000 0.2000 0.0000 128.00008 10.9724
0.2000 0.2000 0.0000 136.00008 8.64618
0.2000 0.2000 0.0000 144.00009 7.1086
0.2000 0.2000 0.0000 152.00009 5.51391
0.2000 0.2000 0.0000 160.00010 4.93688
0.2000 0.2000 0.0000 168.00010 4.5525
0.2000 0.2000 0.0000 176.00011 3.65636
0.2000 0.2000 0.0000 184.00011 3.21195
0.2000 0.2000 0.0000 192.00012 3.22911
0.2000 0.2000 0.0000 200.00012 3.18677
0.2000 0.2000 0.0000 208.00013 2.71919
0.2000 0.2000 0.0000 216.00013 2.45989
0.2000 0.2000 0.0000 224.00014 2.49303
0.2000 0.2000 0.0000 232.00014 2.62833
0.2000 0.2000 0.0000 240.00015 2.60856
0.2000 0.2000 0.0000 248.00015 2.64034
0.2000 0.2000 0.0000 256.00016 2.61149
0.2000 0.2000 0.0000 264.00016 2.48921
0.2000 0.2000 0.0000 272.00017 2.19657
0.2000 0.2000 0.0000 280.00017 1.8213
0.2000 0.2000 0.0000 288.00017 1.5892
0.2000 0.2000 0.0000 296.00018 1.48796
0.2000 0.2000 0.0000 304.00018 1.43958
0.2000 0.2000 0.0000 312.00019 1.36074
0.2000 0.2000 0.0000 320.00019 1.26659
0.2000 0.2000 0.0000 328.00020 1.11359
0.2000 0.2000 0.0000 336.00020 0.989138
0.2000 0.2000 0.0000 344.00021 0.89805
0.2000 0.2000 0.0000 352.00021 0.828821
0.2000 0.2000 0.0000 360.00022 0.828072
0.2000 0.2000 0.0000 368.00022 0.818043
0.2000 0.2000 0.0000 376.00023 0.702652
0.2000 0.2000 0.0000 384.00023 0.658439
0.2000 0.2000 0.0000 392.00024 0.654788
0.2000 0.2000 0.0000 400.00024 0.626612
0.2000 0.2000 0.0000 408.00025 0.588344
0.2000 0.2000 0.0000 416.00025 0.571167
0.2000 0.2000 0.0000 424.00026 0.536224
0.2000 0.2000 0.0000 432.00026 0.482052
0.2000 0.2000 0.0000 440.00027 0.477602
0.2000 0.2000 0.0000 448.00027 0.467595
0.2000 0.2000 0.0000 456.00028 0.416071
0.2000 0.2000 0.0000 464.00028 0.387838
0.2000 0.2000 0.0000 472.00029 0.365385
0.2000 0.2000 0.0000 480.00029 0.349186
0.2000 0.2000 0.0000 488.00030 0.346721
0.2000 0.2000 0.0000 496.00030 0.380144
0.2000 0.2000 0.0000 504.00031 0.417532
0.2000 0.2000 0.0000 512.00031 0.434814
0.2000 0.2000 0.0000 520.00032 0.451301
0.2000 0.2000 0.0000 528.00032 0.456044
0.2000 0.2000 0.0000 536.00033 0.430326
0.2000 0.2000 0.0000 544.00033 0.380294
0.2000 0.2000 0.0000 552.00034 0.334125
0.2000 0.2000 0.0000 560.00034 0.331754
0.2000 0.2000 0.0000 568.00035 0.328156
0.2000 0.2000 0.0000 576.00035 0.320238
0.2000 0.2000 0.0000 584.00035 0.31943
0.2000 0.2000 0.0000 592.00036 0.314835
0.2000 0.2000 0.0000 600.00036 0.293937
0.2000 0.2000 0.0000 608.00037 0.279298
0.2000 0.2000 0.0000 616.00037 0.275335
0.2000 0.2000 0.0000 624.00038 0.277547
0.2000 0.2000 0.0000 632.00038 0.281749
0.2000 0.2000 0.0000 640.00039 0.27839
0.2000 0.2000 0.0000 648.00039 0.261503
0.2000 0.2000 0.0000 656.00040 0.244517
0.2000 0.2000 0.0000 664.00040 0.249904
0.2000 0.2000 0.0000 672.00041 0.243881
0.2000 0.2000 0.0000 680.00041 0.224232
0.2000 0.2000 0.0000 688.00042 0.221394
0.2000 0.2000 0.0000 696.00042 0.238787
0.2000 0.2000 0.0000 704.00043 0.255985
0.2000 0.2000 0.0000 712.00043 0.266795
0.2000 0.2000 0.0000 720.00044 0.264526
0.2000 0.2000 0.0000 728.00044 0.239808
0.2000 0.2000 0.0000 736.00045 0.220441
0.2000 0.2000 0.0000 744.00045 0.203477
0.2000 0.2000 0.0000 752.00046 0.188165
0.2000 0.2000 0.0000 760.00046 0.185306
0.2000 0.2000 0.0000 768.00047 0.187933
0.2000 0.2000 0.0000 776.00047 0.17694
0.2000 0.2000 0.0000 784.00048 0.161297
0.2000 0.2000 0.0000 792.00048 0.157128
0.2000 0.2000 0.0000 800.00049 0.164982

0.1750 0.1750 0.0000 8.00000 0.498138
0.1750 0.1750 0.0000 16.00001 2.44302
0.1750 0.1750 0.0000 24.00001 5.91949
0.1750 0.1750 0.0000 32.00002 14.7713
0.1750 0.1750 0.0000 40.00002 24.2748
0.1750 0.1750 0.0000 48.00003 32.6152
0.1750 0.1750 0.0000 56.00003 29.0673
0.1750 0.1750 0.0000 64.00004 25.8794
0.1750 0.1750 0.0000 72.00004 20.4265
0.1750 0.1750 0.0000 80.00005 17.5937
0.1750 0.1750 0.0000 88.00005 13.1109
0.1750 0.1750 0.0000 96.00006 9.58327
0.1750 0.1750 0.0000 104.00006 7.01807
0.1750 0.1750 0.0000 112.00007 5.71795
0.1750 0.1750 0.0000 120.00007 5.19068
0.1750 0.1750 0.0000 128.00008 4.48851
0.1750 0.1750 0.0000 136.00008 4.14408
0.1750 0.1750 0.0000 144.00009 3.95305
0.1750 0.1750 0.0000 152.00009 3.22972
0.1750 0.1750 0.0000 160.00010 2.74466
0.1750 0.1750 0.0000 168.00010 2.28155
0.1750 0.1750 0.0000 176.00011 1.91627
0.1750 0.1750 0.0000 184.00011 1.8442
0.1750 0.1750 0.0000 192.00012 1.82837
0.1750 0.1750 0.0000 200.00012 1.80939
0.1750 0.1750 0.0000 208.00013 1.80872
0.1750 0.1750 0.0000 216.00013 1.86522
0.1750 0.1750 0.0000 224.00014 1.81404
0.1750 0.1750 0.0000 232.00014 1.75947
0.1750 0.1750 0.0000 240.00015 1.68828
0.1750 0.1750 0.0000 248.00015 1.55622
0.1750 0.1750 0.0000 256.00016 1.47186
0.1750 0.1750 0.0000 264.00016 1.39868
0.1750 0.1750 0.0000 272.00017 1.27377
0.1750 0.1750 0.0000 280.00017 1.18937
0.1750 0.1750 0.0000 288.00017 1.07841
0.1750 0.1750 0.0000 296.00018 0.905553
0.1750 0.1750 0.0000 304.00018 0.785017
0.1750 0.1750 0.0000 312.00019 0.76893
0.1750 0.1750 0.0000 320.00019 0.801524
0.1750 0.1750 0.0000 328.00020 0.792579
0.1750 0.1750 0.0000 336.00020 0.746849
0.1750 0.1750 0.0000 344.00021 0.754369
0.1750 0.1750 0.0000 352.00021 0.791706
0.1750 0.1750 0.0000 360.00022 0.827564
0.1750 0.1750 0.0000 368.00022 0.888693
0.1750 0.1750 0.0000 376.00023 0.928348
0.1750 0.1750 0.0000 384.00023 0.852419
0.1750 0.1750 0.0000 392.00024 0.788914
0.1750 0.1750 0.0000 400.00024 0.771891
0.1750 0.1750 0.0000 408.00025 0.756129
0.1750 0.1750 0.0000 416.00025 0.798707
0.1750 0.1750 0.0000 424.00026 0.80208
0.1750 0.1750 0.0000 432.00026 0.789304
0.1750 0.1750 0.0000 440.00027 0.747136
0.1750 0.1750 0.0000 448.00027 0.628056
0.1750 0.1750 0.0000 456.00028 0.533014
0.1750 0.1750 0.0000 464.00028 0.532533
0.1750 0.1750 0.0000 472.00029 0.565422
0.1750 0.1750 0.0000 480.00029 0.584682
0.1750 0.1750 0.0000 488.00030 0.610427
0.1750 0.1750 0.0000 496.00030 0.632482
0.1750 0.1750 0.0000 504.00031 0.590945
0.1750 0.1750 0.0000 512.00031 0.513801
0.1750 0.1750 0.0000 520.00032 0.466871
0.1750 0.1750 0.0000 528.00032 0.446932
0.1750 0.1750 0.0000 536.00033 0.426594
0.1750 0.1750 0.0000 544.00033 0.385347
0.1750 0.1750 0.0000 552.00034 0.348518
0.1750 0.1750 0.0000 560.00034 0.326564
0.1750 0.1750 0.0000 568.00035 0.334065
0.1750 0.1750 0.0000 576.00035 0.337212
0.1750 0.1750 0.0000 584.00035 0.343776
0.1750 0.1750 0.0000 592.00036 0.32784
0.1750 0.1750 0.0000 600.00036 0.305568
0.1750 0.1750 0.0000 608.00037 0.296455
0.1750 0.1750 0.0000 616.00037 0.280474
0.1750 0.1750 0.0000 624.00038 0.292702
0.1750 0.1750 0.0000 632.00038 0.288811
0.1750 0.1750 0.0000 640.00039 0.277002
0.1750 0.1750 0.0000 648.00039 0.267937
0.1750 0.1750 0.0000 656.00040 0.25668
0.1750 0.1750 0.0000 664.00040 0.24311
0.1750 0.1750 0.0000 672.00041 0.233832
0.1750 0.1750 0.0000 680.00041 0.235991
0.1750 0.1750 0.0000 688.00042 0.238603
0.1750 0.1750 0.0000 696.00042 0.23517
0.1750 0.1750 0.0000 704.00043 0.227544
0.1750 0.1750 0.0000 712.00043 0.208708
0.1750 0.1750 0.0000 720.00044 0.200099
0.1750 0.1750 0.0000 728.00044 0.189563
0.1750 0.1750 0.0000 736.00045 0.181694
0.1750 0.1750 0.0000 744.00045 0.189448
0.1750 0.1750 0.0000 752.00046 0.192244
0.1750 0.1750 0.0000 760.00046 0.181322
0.1750 0.1750 0.0000 768.00047 0.17334
0.1750 0.1750 0.0000 776.00047 0.173129
0.1750 0.1750 0.0000 784.00048 0.172844
0.1750 0.1750 0.0000 792.00048 0.163485
0.1750 0.1750 0.0000 800.00049 0.165461

0.1500 0.1500 0.0000 8.00000 1.55695
0.1500 0.1500 0.0000 16.00001 3.58964
0.1500 0.1500 0.0000 24.00001 10.8735
0.1500 0.1500 0.0000 32.00002 43.5087
0.1500 0.1500 0.0000 40.00002 58.3811
0.1500 0.1500 0.0000 48.00003 49.0017
0.1500 0.1500 0.0000 56.00003 23.6711
0.1500 0.1500 0.0000 64.00004 14.1414
0.1500 0.1500 0.0000 72.00004 9.33797
0.1500 0.1500 0.0000 80.00005 7.21316
0.1500 0.1500 0.0000 88.00005 6.12209
0.1500 0.1500 0.0000 96.00006 5.15487
0.1500 0.1500 0.0000 104.00006 4.35086
0.1500 0.1500 0.0000 112.00007 3.43092
0.1500 0.1500 0.0000 120.00007 2.58467
0.1500 0.1500 0.0000 128.00008 2.01826
0.1500 0.1500 0.0000 136.00008 1.6987
0.1500 0.1500 0.0000 144.00009 1.52816
0.1500 0.1500 0.0000 152.00009 1.28892
0.1500 0.1500 0.0000 160.00010 1.23901
0.1500 0.1500 0.0000 168.00010 1.24515
0.1500 0.1500 0.0000 176.00011 1.14293
0.1500 0.1500 0.0000 184.00011 1.05152
0.1500 0.1500 0.0000 192.00012 1.04486
0.1500 0.1500 0.0000 200.00012 1.10291
0.1500 0.1500 0.0000 208.00013 1.09162
0.1500 0.1500 0.0000 216.00013 0.982009
0.1500 0.1500 0.0000 224.00014 0.896249
0.1500 0.1500 0.0000 232.00014 0.935746
0.1500 0.1500 0.0000 240.00015 0.909649
0.1500 0.1500 0.0000 248.00015 0.864316
0.1500 0.1500 0.0000 256.00016 0.737736
0.1500 0.1500 0.0000 264.00016 0.687019
0.1500 0.1500 0.0000 272.00017 0.68405
0.1500 0.1500 0.0000 280.00017 0.661805
0.1500 0.1500 0.0000 288.00017 0.66607
0.1500 0.1500 0.0000 296.00018 0.6638
0.1500 0.1500 0.0000 304.00018 0.667057
0.1500 0.1500 0.0000 312.00019 0.616314
0.1500 0.1500 0.0000 320.00019 0.601117
0.1500 0.1500 0.0000 328.00020 0.606575
0.1500 0.1500 0.0000 336.00020 0.550416
0.1500 0.1500 0.0000 344.00021 0.535212
0.1500 0.1500 0.0000 352.00021 0.525652
0.1500 0.1500 0.0000 360.00022 0.521279
0.1500 0.1500 0.0000 368.00022 0.534554
0.1500 0.1500 0.0000 376.00023 0.530262
0.1500 0.1500 0.0000 384.00023 0.546207
0.1500 0.1500 0.0000 392.00024 0.571078
0.1500 0.1500 0.0000 400.00024 0.612455
0.1500 0.1500 0.0000 408.00025 0.578377
0.1500 0.1500 0.0000 416.00025 0.489704
0.1500 0.1500 0.0000 424.00026 0.427913
0.1500 0.1500 0.0000 432.00026 0.426476
0.1500 0.1500 0.0000 440.00027 0.416616
0.1500 0.1500 0.0000 448.00027 0.400659
0.1500 0.1500 0.0000 456.00028 0.407158
0.1500 0.1500 0.0000 464.00028 0.39469
0.1500 0.1500 0.0000 472.00029 0.389372
0.1500 0.1500 0.0000 480.00029 0.386711
0.1500 0.1500 0.0000 488.00030 0.380839
0.1500 0.1500 0.0000 496.00030 0.408043
0.1500 0.1500 0.0000 504.00031 0.451278
0.1500 0.1500 0.0000 512.00031 0.462971
0.1500 0.1500 0.0000 520.00032 0.458361
0.1500 0.1500 0.0000 528.00032 0.473937
0.1500 0.1500 0.0000 536.00033 0.482318
0.1500 0.1500 0.0000 544.00033 0.440326
0.1500 0.1500 0.0000 552.00034 0.39815
0.1500 0.1500 0.0000 560.00034 0.375236
0.1500 0.1500 0.0000 568.00035 0.370516
0.1500 0.1500 0.0000 576.00035 0.367793
0.1500 0.1500 0.0000 584.00035 0.373232
0.1500 0.1500 0.0000 592.00036 0.378798
0.1500 0.1500 0.0000 600.00036 0.351594
0.1500 0.1500 0.0000 608.00037 0.315542
0.1500 0.1500 0.0000 616.00037 0.304046
0.1500 0.1500 0.0000 624.00038 0.315068
0.1500 0.1500 0.0000 632.00038 0.350027
0.1500 0.1500 0.0000 640.00039 0.400176
0.1500 0.1500 0.0000 648.00039 0.402971
0.1500 0.1500 0.0000 656.00040 0.348068
0.1500 0.1500 0.0000 664.00040 0.29762
0.1500 0.1500 0.0000 672.00041 0.281323
0.1500 0.1500 0.0000 680.00041 0.289438
0.1500 0.1500 0.0000 688.00042 0.277527
0.1500 0.1500 0.0000 696.00042 0.257081
0.1500 0.1500 0.0000 704.00043 0.232801
0.1500 0.1500 0.0000 712.00043 0.223256
0.1500 0.1500 0.0000 720.00044 0.219418
0.1500 0.1500 0.0000 728.00044 0.207702
0.1500 0.1500 0.0000 736.00045 0.201271
0.1500 0.1500 0.0000 744.00045 0.201349
0.1500 0.1500 0.0000 752.00046 0.199554
0.1500 0.1500 0.0000 760.00046 0.180003
0.1500 0.1500 0.0000 768.00047 0.166101
0.1500 0.1500 0.0000 776.00047 0.167925
0.1500 0.1500 0.0000 784.00048 0.168095
0.1500 0.1500 0.0000 792.00048 0.168367
0.1500 0.1500 0.0000 800.00049 0.172743

0.1250 0.1250 0.0000 8.00000 1.30408
0.1250 0.1250 0.0000 16.00001 7.43431
0.1250 0.1250 0.0000 24.00001 48.541
0.1250 0.1250 0.0000 32.00002 116.599
0.1250 0.1250 0.0000 40.00002 33.6252
0.1250 0.1250 0.0000 48.00003 13.1786
0.1250 0.1250 0.0000 56.00003 8.29528
0.1250 0.1250 0.0000 64.00004 5.34138
0.1250 0.1250 0.0000 72.00004 4.00444
0.1250 0.1250 0.0000 80.00005 3.02081
0.1250 0.1250 0.0000 88.00005 2.53881
0.1250 0.1250 0.0000 96.00006 2.28787
0.1250 0.1250 0.0000 104.00006 1.92315
0.1250 0.1250 0.0000 112.00007 1.6081
0.1250 0.1250 0.0000 120.00007 1.40688
0.1250 0.1250 0.0000 128.00008 1.25685
0.1250 0.1250 0.0000 136.00008 1.0955
0.1250 0.1250 0.0000 144.00009 0.946976
0.1250 0.1250 0.0000 152.00009 0.899709
0.1250 0.1250 0.0000 160.00010 0.93949
0.1250 0.1250 0.0000 168.00010 0.899136
0.1250 0.1250 0.0000 176.00011 0.758393
0.1250 0.1250 0.0000 184.00011 0.731433
0.1250 0.1250 0.0000 192.00012 0.663039
0.1250 0.1250 0.0000 200.00012 0.600571
0.1250 0.1250 0.0000 208.00013 0.570415
0.1250 0.1250 0.0000 216.00013 0.525865
0.1250 0.1250 0.0000 224.00014 0.533925
0.1250 0.1250 0.0000 232.00014 0.489025
0.1250 0.1250 0.0000 240.00015 0.5408
0.1250 0.1250 0.0000 248.00015 0.502779
0.1250 0.1250 0.0000 256.00016 0.442994
0.1250 0.1250 0.0000 264.00016 0.400829
0.1250 0.1250 0.0000 272.00017 0.361171
0.1250 0.1250 0.0000 280.00017 0.340019
0.1250 0.1250 0.0000 288.00017 0.335312
0.1250 0.1250 0.0000 296.00018 0.337542
0.1250 0.1250 0.0000 304.00018 0.347109
0.1250 0.1250 0.0000 312.00019 0.322134
0.1250 0.1250 0.0000 320.00019 0.284607
0.1250 0.1250 0.0000 328.00020 0.272197
0.1250 0.1250 0.0000 336.00020 0.263819
0.1250 0.1250 0.0000 344.00021 0.252895
0.1250 0.1250 0.0000 352.00021 0.245434
0.1250 0.1250 0.0000 360.00022 0.2355
0.1250 0.1250 0.0000 368.00022 0.214977
0.1250 0.1250 0.0000 376.00023 0.199882
0.1250 0.1250 0.0000 384.00023 0.209619
0.1250 0.1250 0.0000 392.00024 0.219333
0.1250 0.1250 0.0000 400.00024 0.212618
0.1250 0.1250 0.0000 408.00025 0.212505
0.1250 0.1250 0.0000 416.00025 0.202738
0.1250 0.1250 0.0000 424.00026 0.207248
0.1250 0.1250 0.0000 432.00026 0.223396
0.1250 0.1250 0.0000 440.00027 0.232322
0.1250 0.1250 0.0000 448.00027 0.244633
0.1250 0.1250 0.0000 456.00028 0.258138
0.1250 0.1250 0.0000 464.00028 0.265868
0.1250 0.1250 0.0000 472.00029 0.262385
0.1250 0.1250 0.0000 480.00029 0.26445
0.1250 0.1250 0.0000 488.00030 0.268331
0.1250 0.1250 0.0000 496.00030 0.290084
0.1250 0.1250 0.0000 504.00031 0.306174
0.1250 0.1250 0.0000 512.00031 0.306423
0.1250 0.1250 0.0000 520.00032 0.307908
0.1250 0.1250 0.0000 528.00032 0.302111
0.1250 0.1250 0.0000 536.00033 0.275655
0.1250 0.1250 0.0000 544.00033 0.265799
0.1250 0.1250 0.0000 552.00034 0.265221
0.1250 0.1250 0.0000 560.00034 0.269758
0.1250 0.1250 0.0000 568.00035 0.274943
0.1250 0.1250 0.0000 576.00035 0.265329
0.1250 0.1250 0.0000 584.00035 0.256492
0.1250 0.1250 0.0000 592.00036 0.255409
0.1250 0.1250 0.0000 600.00036 0.252379
0.1250 0.1250 0.0000 608.00037 0.233953
0.1250 0.1250 0.0000 616.00037 0.219165
0.1250 0.1250 0.0000 624.00038 0.228342
0.1250 0.1250 0.0000 632.00038 0.234642
0.1250 0.1250 0.0000 640.00039 0.225454
0.1250 0.1250 0.0000 648.00039 0.213731
0.1250 0.1250 0.0000 656.00040 0.214292
0.1250 0.1250 0.0000 664.00040 0.22225
0.1250 0.1250 0.0000 672.00041 0.239093
0.1250 0.1250 0.0000 680.00041 0.254306
0.1250 0.1250 0.0000 688.00042 0.257244
0.1250 0.1250 0.0000 696.00042 0.250731
0.1250 0.1250 0.0000 704.00043 0.249347
0.1250 0.1250 0.0000 712.00043 0.234788
0.1250 0.1250 0.0000 720.00044 0.214465
0.1250 0.1250 0.0000 728.00044 0.196661
0.1250 0.1250 0.0000 736.00045 0.185326
0.1250 0.1250 0.0000 744.00045 0.176386
0.1250 0.1250 0.0000 752.00046 0.173271
0.1250 0.1250 0.0000 760.00046 0.174361
0.1250 0.1250 0.0000 768.00047 0.170136
0.1250 0.1250 0.0000 776.00047 0.167482
0.1250 0.1250 0.0000 784.00048 0.171003
0.1250 0.1250 0.0000 792.00048 0.180269
0.1250 0.1250 0.0000 800.00049 0.187837

0.1000 0.1000 0.0000 8.00000 4.89216
0.1000 0.1000 0.0000 16.00001 53.6051
0.1000 0.1000 0.0000 24.00001 106.4
0.1000 0.1000 0.0000 32.00002 21.7215
0.1000 0.1000 0.0000 40.00002 9.5001
0.1000 0.1000 0.0000 48.00003 6.83793
0.1000 0.1000 0.0000 56.00003 4.37512
0.1000 0.1000 0.0000 64.00004 3.04308
0.1000 0.1000 0.0000 72.00004 2.40718
0.1000 0.1000 0.0000 80.00005 2.11246
0.1000 0.1000 0.0000 88.00005 1.70235
0.1000 0.1000 0.0000 96.00006 1.4363
0.1000 0.1000 0.0000 104.00006 1.2219
0.1000 0.1000 0.0000 112.00007 1.05524
0.1000 0.1000 0.0000 120.00007 0.914413
0.1000 0.1000 0.0000 128.00008 0.776981
0.1000 0.1000 0.0000 136.00008 0.68765
0.1000 0.1000 0.0000 144.00009 0.608727
0.1000 0.1000 0.0000 152.00009 0.547354
0.1000 0.1000 0.0000 160.00010 0.525521
0.1000 0.1000 0.0000 168.00010 0.467988
0.1000 0.1000 0.0000 176.00011 0.464971
0.1000 0.1000 0.0000 184.00011 0.486743
0.1000 0.1000 0.0000 192.00012 0.493975
0.1000 0.1000 0.0000 200.00012 0.430504
0.1000 0.1000 0.0000 208.00013 0.341895
0.1000 0.1000 0.0000 216.00013 0.296755
0.1000 0.1000 0.0000 224.00014 0.34261
0.1000 0.1000 0.0000 232.00014 0.319635
0.1000 0.1000 0.0000 240.00015 0.289241
0.1000 0.1000 0.0000 248.00015 0.268162
0.1000 0.1000 0.0000 256.00016 0.252553
0.1000 0.1000 0.0000 264.00016 0.23709
0.1000 0.1000 0.0000 272.00017 0.207152
0.1000 0.1000 0.0000 280.00017 0.189102
0.1000 0.1000 0.0000 288.00017 0.188181
0.1000 0.1000 0.0000 296.00018 0.195128
0.1000 0.1000 0.0000 304.00018 0.18478
0.1000 0.1000 0.0000 312.00019 0.169961
0.1000 0.1000 0.0000 320.00019 0.162404
0.1000 0.1000 0.0000 328.00020 0.155493
0.1000 0.1000 0.0000 336.00020 0.158556
0.1000 0.1000 0.0000 344.00021 0.159178
0.1000 0.1000 0.0000 352.00021 0.158694
0.1000 0.1000 0.0000 360.00022 0.153203
0.1000 0.1000 0.0000 368.00022 0.149626
0.1000 0.1000 0.0000 376.00023 0.148963
0.1000 0.1000 0.0000 384.00023 0.14252
0.1000 0.1000 0.0000 392.00024 0.140466
0.1000 0.1000 0.0000 400.00024 0.139515
0.1000 0.1000 0.0000 408.00025 0.13266
0.1000 0.1000 0.0000 416.00025 0.13197
0.1000 0.1000 0.0000 424.00026 0.132787
0.1000 0.1000 0.0000 432.00026 0.126154
0.1000 0.1000 0.0000 440.00027 0.124797
0.1000 0.1000 0.0000 448.00027 0.137039
0.1000 0.1000 0.0000 456.00028 0.141568
0.1000 0.1000 0.0000 464.00028 0.141493
0.1000 0.1000 0.0000 472.00029 0.138815
0.1000 0.1000 0.0000 480.00029 0.125904
0.1000 0.1000 0.0000 488.00030 0.11616
0.1000 0.1000 0.0000 496.00030 0.117369
0.1000 0.1000 0.0000 504.00031 0.119029
0.1000 0.1000 0.0000 512.00031 0.119955
0.1000 0.1000 0.0000 520.00032 0.119279
0.1000 0.1000 0.0000 528.00032 0.113922
0.1000 0.1000 0.0000 536.00033 0.110229
0.1000 0.1000 0.0000 544.00033 0.115081
0.1000 0.1000 0.0000 552.00034 0.114529
0.1000 0.1000 0.0000 560.00034 0.108938
0.1000 0.1000 0.0000 568.00035 0.110149
0.1000 0.1000 0.0000 576.00035 0.113034
0.1000 0.1000 0.0000 584.00035 0.107549
0.1000 0.1000 0.0000 592.00036 0.100979
0.1000 0.1000 0.0000 600.00036 0.0983791
0.1000 0.1000 0.0000 608.00037 0.0959503
0.1000 0.1000 0.0000 616.00037 0.097615
0.1000 0.1000 0.0000 624.00038 0.103223
0.1000 0.1000 0.0000 632.00038 0.10598
0.1000 0.1000 0.0000 640.00039 0.107763
0.1000 0.1000 0.0000 648.00039 0.110654
0.1000 0.1000 0.0000 656.00040 0.108104
0.1000 0.1000 0.0000 664.00040 0.108211
0.1000 0.1000 0.0000 672.00041 0.110634
0.1000 0.1000 0.0000 680.00041 0.113398
0.1000 0.1000 0.0000 688.00042 0.11393
0.1000 0.1000 0.0000 696.00042 0.113531
0.1000 0.1000 0.0000 704.00043 0.120455
0.1000 0.1000 0.0000 712.00043 0.136899
0.1000 0.1000 0.0000 720.00044 0.148093
0.1000 0.1000 0.0000 728.00044 0.15059
0.1000 0.1000 0.0000 736.00045 0.144467
0.1000 0.1000 0.0000 744.00045 0.146031
0.1000 0.1000 0.0000 752.00046 0.138436
0.1000 0.1000 0.0000 760.00046 0.125179
0.1000 0.1000 0.0000 768.00047 0.12226
0.1000 0.1000 0.0000 776.00047 0.124763
0.1000 0.1000 0.0000 784.00048 0.117806
0.1000 0.1000 0.0000 792.00048 0.115527
0.1000 0.1000 0.0000 800.00049 0.122111

0.0750 0.0750 0.0000 8.00000 32.8673
0.0750 0.0750 0.0000 16.00001 73.7497
0.0750 0.0750 0.0000 24.00001 14.3077
0.0750 0.0750 0.0000 32.00002 6.81619
0.0750 0.0750 0.0000 40.00002 4.25437
0.0750 0.0750 0.0000 48.00003 3.13388
0.0750 0.0750 0.0000 56.00003 2.46301
0.0750 0.0750 0.0000 64.00004 2.05267
0.0750 0.0750 0.0000 72.00004 1.77574
0.0750 0.0750 0.0000 80.00005 1.55227
0.0750 0.0750 0.0000 88.00005 1.22727
0.0750 0.0750 0.0000 96.00006 1.09177
0.0750 0.0750 0.0000 104.00006 0.970557
0.0750 0.0750 0.0000 112.00007 0.847246
0.0750 0.0750 0.0000 120.00007 0.769971
0.0750 0.0750 0.0000 128.00008 0.709434
0.0750 0.0750 0.0000 136.00008 0.637931
0.0750 0.0750 0.0000 144.00009 0.583528
0.0750 0.0750 0.0000 152.00009 0.518975
0.0750 0.0750 0.0000 160.00010 0.465297
0.0750 0.0750 0.0000 168.00010 0.385813
0.0750 0.0750 0.0000 176.00011 0.378297
0.0750 0.0750 0.0000 184.00011 0.404696
0.0750 0.0750 0.0000 192.00012 0.301872
0.0750 0.0750 0.0000 200.00012 0.273205
0.0750 0.0750 0.0000 208.00013 0.290548
0.0750 0.0750 0.0000 216.00013 0.234579
0.0750 0.0750 0.0000 224.00014 0.211059
0.0750 0.0750 0.0000 232.00014 0.19508
0.0750 0.0750 0.0000 240.00015 0.204859
0.0750 0.0750 0.0000 248.00015 0.190381
0.0750 0.0750 0.0000 256.00016 0.180745
0.0750 0.0750 0.0000 264.00016 0.162352
0.0750 0.0750 0.0000 272.00017 0.146608
0.0750 0.0750 0.0000 280.00017 0.133794
0.0750 0.0750 0.0000 288.00017 0.127794
0.0750 0.0750 0.0000 296.00018 0.123613
0.0750 0.0750 0.0000 304.00018 0.118898
0.0750 0.0750 0.0000 312.00019 0.113206
0.0750 0.0750 0.0000 320.00019 0.105141
0.0750 0.0750 0.0000 328.00020 0.0973667
0.0750 0.0750 0.0000 336.00020 0.0940797
0.0750 0.0750 0.0000 344.00021 0.0919744
0.0750 0.0750 0.0000 352.00021 0.0933159
0.0750 0.0750 0.0000 360.00022 0.0910755
0.0750 0.0750 0.0000 368.00022 0.0859227
0.0750 0.0750 0.0000 376.00023 0.0815656
0.0750 0.0750 0.0000 384.00023 0.0800111
0.0750 0.0750 0.0000 392.00024 0.0769139
0.0750 0.0750 0.0000 400.00024 0.0747501
0.0750 0.0750 0.0000 408.00025 0.0732743
0.0750 0.0750 0.0000 416.00025 0.0726657
0.0750 0.0750 0.0000 424.00026 0.0735524
0.0750 0.0750 0.0000 432.00026 0.0729999
0.0750 0.0750 0.0000 440.00027 0.0717387
0.0750 0.0750 0.0000 448.00027 0.0705796
0.0750 0.0750 0.0000 456.00028 0.0692927
0.0750 0.0750 0.0000 464.00028 0.0707024
0.0750 0.0750 0.0000 472.00029 0.0707661
0.0750 0.0750 0.0000 480.00029 0.068734
0.0750 0.0750 0.0000 488.00030 0.066671
0.0750 0.0750 0.0000 496.00030 0.0637966
0.0750 0.0750 0.0000 504.00031 0.0630649
0.0750 0.0750 0.0000 512.00031 0.0683811
0.0750 0.0750 0.0000 520.00032 0.0720611
0.0750 0.0750 0.0000 528.00032 0.0724225
0.0750 0.0750 0.0000 536.00033 0.075643
0.0750 0.0750 0.0000 544.00033 0.0781166
0.0750 0.0750 0.0000 552.00034 0.0775402
0.0750 0.0750 0.0000 560.00034 0.0748227
0.0750 0.0750 0.0000 568.00035 0.0694637
0.0750 0.0750 0.0000 576.00035 0.0628596
0.0750 0.0750 0.0000 584.00035 0.0591543
0.0750 0.0750 0.0000 592.00036 0.0607758
0.0750 0.0750 0.0000 600.00036 0.0640366
0.0750 0.0750 0.0000 608.00037 0.0680681
0.0750 0.0750 0.0000 616.00037 0.0686643
0.0750 0.0750 0.0000 624.00038 0.0690447
0.0750 0.0750 0.0000 632.00038 0.063618
0.0750 0.0750 0.0000 640.00039 0.0581076
0.0750 0.0750 0.0000 648.00039 0.0554105
0.0750 0.0750 0.0000 656.00040 0.0547122
0.0750 0.0750 0.0000 664.00040 0.0564984
0.0750 0.0750 0.0000 672.00041 0.0579277
0.0750 0.0750 0.0000 680.00041 0.0577642
0.0750 0.0750 0.0000 688.00042 0.0592794
0.0750 0.0750 0.0000 696.00042 0.0561751
0.0750 0.0750 0.0000 704.00043 0.0534758
0.0750 0.0750 0.0000 712.00043 0.0539998
0.0750 0.0750 0.0000 720.00044 0.0583971
0.0750 0.0750 0.0000 728.00044 0.0607022
0.0750 0.0750 0.0000 736.00045 0.0576498
0.0750 0.0750 0.0000 744.00045 0.0541618
0.0750 0.0750 0.0000 752.00046 0.0530473
0.0750 0.0750 0.0000 760.00046 0.0554529
0.0750 0.0750 0.0000 768.00047 0.0570542
0.0750 0.0750 0.0000 776.00047 0.0574664
0.0750 0.0750 0.0000 784.00048 0.0569518
0.0750 0.0750 0.0000 792.00048 0.0564184
0.0750 0.0750 0.0000 800.00049 0.0544908

0.0500 0.0500 0.0000 8.00000 100.575
0.0500 0.0500 0.0000 16.00001 11.1243
0.0500 0.0500 0.0000 24.00001 5.61595
0.0500 0.0500 0.0000 32.00002 3.54201
0.0500 0.0500 0.0000 40.00002 2.5944
0.0500 0.0500 0.0000 48.00003 2.14457
0.0500 0.0500 0.0000 56.00003 1.79081
0.0500 0.0500 0.0000 64.00004 1.55814
0.0500 0.0500 0.0000 72.00004 1.30165
0.0500 0.0500 0.0000 80.00005 1.13426
0.0500 0.0500 0.0000 88.00005 1.00493
0.0500 0.0500 0.0000 96.00006 0.860996
0.0500 0.0500 0.0000 104.00006 0.775632
0.0500 0.0500 0.0000 112.00007 0.697126
0.0500 0.0500 0.0000 120.00007 0.637234
0.0500 0.0500 0.0000 128.00008 0.564858
0.0500 0.0500 0.0000 136.00008 0.505072
0.0500 0.0500 0.0000 144.00009 0.457367
0.0500 0.0500 0.0000 152.00009 0.420429
0.0500 0.0500 0.0000 160.00010 0.395195
0.0500 0.0500 0.0000 168.00010 0.33508
0.0500 0.0500 0.0000 176.00011 0.336807
0.0500 0.0500 0.0000 184.00011 0.354236
0.0500 0.0500 0.0000 192.00012 0.247891
0.0500 0.0500 0.0000 200.00012 0.233106
0.0500 0.0500 0.0000 208.00013 0.245414
0.0500 0.0500 0.0000 216.00013 0.201776
0.0500 0.0500 0.0000 224.00014 0.184375
0.0500 0.0500 0.0000 232.00014 0.168569
0.0500 0.0500 0.0000 240.00015 0.150791
0.0500 0.0500 0.0000 248.00015 0.159106
0.0500 0.0500 0.0000 256.00016 0.146882
0.0500 0.0500 0.0000 264.00016 0.140069
0.0500 0.0500 0.0000 272.00017 0.132224
0.0500 0.0500 0.0000 280.00017 0.120563
0.0500 0.0500 0.0000 288.00017 0.111947
0.0500 0.0500 0.0000 296.00018 0.106945
0.0500 0.0500 0.0000 304.00018 0.101276
0.0500 0.0500 0.0000 312.00019 0.09623
0.0500 0.0500 0.0000 320.00019 0.0925324
0.0500 0.0500 0.0000 328.00020 0.0889465
0.0500 0.0500 0.0000 336.00020 0.0874542
0.0500 0.0500 0.0000 344.00021 0.0848565
0.0500 0.0500 0.0000 352.00021 0.0814231
0.0500 0.0500 0.0000 360.00022 0.0770367
0.0500 0.0500 0.0000 368.00022 0.0722362
0.0500 0.0500 0.0000 376.00023 0.0672246
0.0500 0.0500 0.0000 384.00023 0.0637192
0.0500 0.0500 0.0000 392.00024 0.0625464
0.0500 0.0500 0.0000 400.00024 0.0623114
0.0500 0.0500 0.0000 408.00025 0.0585734
0.0500 0.0500 0.0000 416.00025 0.0544859
0.0500 0.0500 0.0000 424.00026 0.0517995
0.0500 0.0500 0.0000 432.00026 0.0493309
0.0500 0.0500 0.0000 440.00027 0.048066
0.0500 0.0500 0.0000 448.00027 0.0467773
0.0500 0.0500 0.0000 456.00028 0.0446935
0.0500 0.0500 0.0000 464.00028 0.0434905
0.0500 0.0500 0.0000 472.00029 0.042286
0.0500 0.0500 0.0000 480.00029 0.0415239
0.0500 0.0500 0.0000 488.00030 0.0403789
0.0500 0.0500 0.0000 496.00030 0.0390929
0.0500 0.0500 0.0000 504.00031 0.0380867
0.0500 0.0500 0.0000 512.00031 0.0378963
0.0500 0.0500 0.0000 520.00032 0.0376508
0.0500 0.0500 0.0000 528.00032 0.0375759
0.0500 0.0500 0.0000 536.00033 0.0378896
0.0500 0.0500 0.0000 544.00033 0.0378555
0.0500 0.0500 0.0000 552.00034 0.0378985
0.0500 0.0500 0.0000 560.00034 0.0378666
0.0500 0.0500 0.0000 568.00035 0.0373087
0.0500 0.0500 0.0000 576.00035 0.0374427
0.0500 0.0500 0.0000 584.00035 0.0381214
0.0500 0.0500 0.0000 592.00036 0.0366826
0.0500 0.0500 0.0000 600.00036 0.0355354
0.0500 0.0500 0.0000 608.00037 0.034504
0.0500 0.0500 0.0000 616.00037 0.0351162
0.0500 0.0500 0.0000 624.00038 0.035961
0.0500 0.0500 0.0000 632.00038 0.0359223
0.0500 0.0500 0.0000 640.00039 0.0348834
0.0500 0.0500 0.0000 648.00039 0.0334231
0.0500 0.0500 0.0000 656.00040 0.0334256
0.0500 0.0500 0.0000 664.00040 0.0338224
0.0500 0.0500 0.0000 672.00041 0.0339416
0.0500 0.0500 0.0000 680.00041 0.0344711
0.0500 0.0500 0.0000 688.00042 0.0359673
0.0500 0.0500 0.0000 696.00042 0.0350837
0.0500 0.0500 0.0000 704.00043 0.0338393
0.0500 0.0500 0.0000 712.00043 0.0339782
0.0500 0.0500 0.0000 720.00044 0.0343926
0.0500 0.0500 0.0000 728.00044 0.0344505
0.0500 0.0500 0.0000 736.00045 0.0332645
0.0500 0.0500 0.0000 744.00045 0.0327777
0.0500 0.0500 0.0000 752.00046 0.0324385
0.0500 0.0500 0.0000 760.00046 0.0328578
0.0500 0.0500 0.0000 768.00047 0.0333389
0.0500 0.0500 0.0000 776.00047 0.032672
0.0500 0.0500 0.0000 784.00048 0.0315017
0.0500 0.0500 0.0000 792.00048 0.0315622
0.0500 0.0500 0.0000 800.00049 0.0320193

0.0250 0.0250 0.0000 8.00000 14.0701
0.0250 0.0250 0.0000 16.00001 5.66973
0.0250 0.0250 0.0000 24.00001 3.56333
0.0250 0.0250 0.0000 32.00002 2.60708
0.0250 0.0250 0.0000 40.00002 2.04289
0.0250 0.0250 0.0000 48.00003 1.67331
0.0250 0.0250 0.0000 56.00003 1.41113
0.0250 0.0250 0.0000 64.00004 1.22661
0.0250 0.0250 0.0000 72.00004 1.08321
0.0250 0.0250 0.0000 80.00005 0.970302
0.0250 0.0250 0.0000 88.00005 0.877206
0.0250 0.0250 0.0000 96.00006 0.748772
0.0250 0.0250 0.0000 104.00006 0.671631
0.0250 0.0250 0.0000 112.00007 0.585096
0.0250 0.0250 0.0000 120.00007 0.517117
0.0250 0.0250 0.0000 128.00008 0.470222
0.0250 0.0250 0.0000 136.00008 0.421231
0.0250 0.0250 0.0000 144.00009 0.38326
0.0250 0.0250 0.0000 152.00009 0.355403
0.0250 0.0250 0.0000 160.00010 0.339155
0.0250 0.0250 0.0000 168.00010 0.291195
0.0250 0.0250 0.0000 176.00011 0.285189
0.0250 0.0250 0.0000 184.00011 0.29419
0.0250 0.0250 0.0000 192.00012 0.212386
0.0250 0.0250 0.0000 200.00012 0.195165
0.0250 0.0250 0.0000 208.00013 0.238047
0.0250 0.0250 0.0000 216.00013 0.19557
0.0250 0.0250 0.0000 224.00014 0.167277
0.0250 0.0250 0.0000 232.00014 0.152748
0.0250 0.0250 0.0000 240.00015 0.139723
0.0250 0.0250 0.0000 248.00015 0.127374
0.0250 0.0250 0.0000 256.00016 0.13631
0.0250 0.0250 0.0000 264.00016 0.121897
0.0250 0.0250 0.0000 272.00017 0.112227
0.0250 0.0250 0.0000 280.00017 0.105069
0.0250 0.0250 0.0000 288.00017 0.0990267
0.0250 0.0250 0.0000 296.00018 0.0935681
0.0250 0.0250 0.0000 304.00018 0.0885749
0.0250 0.0250 0.0000 312.00019 0.0830114
0.0250 0.0250 0.0000 320.00019 0.0789555
0.0250 0.0250 0.0000 328.00020 0.0751884
0.0250 0.0250 0.0000 336.00020 0.0714177
0.0250 0.0250 0.0000 344.00021 0.0690809
0.0250 0.0250 0.0000 352.00021 0.0670612
0.0250 0.0250 0.0000 360.00022 0.0633098
0.0250 0.0250 0.0000 368.00022 0.0602091
0.0250 0.0250 0.0000 376.00023 0.0577084
0.0250 0.0250 0.0000 384.00023 0.0549835
0.0250 0.0250 0.0000 392.00024 0.053208
0.0250 0.0250 0.0000 400.00024 0.052229
0.0250 0.0250 0.0000 408.00025 0.0504755
0.0250 0.0250 0.0000 416.00025 0.0484988
0.0250 0.0250 0.0000 424.00026 0.0466089
0.0250 0.0250 0.0000 432.00026 0.0444573
0.0250 0.0250 0.0000 440.00027 0.0422716
0.0250 0.0250 0.0000 448.00027 0.0403103
0.0250 0.0250 0.0000 456.00028 0.0391534
0.0250 0.0250 0.0000 464.00028 0.0381563
0.0250 0.0250 0.0000 472.00029 0.0374393
0.0250 0.0250 0.0000 480.00029 0.0363648
0.0250 0.0250 0.0000 488.00030 0.0345908
0.0250 0.0250 0.0000 496.00030 0.0330744
0.0250 0.0250 0.0000 504.00031 0.032077
0.0250 0.0250 0.0000 512.00031 0.0316672
0.0250 0.0250 0.0000 520.00032 0.0311135
0.0250 0.0250 0.0000 528.00032 0.0304757
0.0250 0.0250 0.0000 536.00033 0.0298711
0.0250 0.0250 0.0000 544.00033 0.0288539
0.0250 0.0250 0.0000 552.00034 0.0278747
0.0250 0.0250 0.0000 560.00034 0.0268148
0.0250 0.0250 0.0000 568.00035 0.0258288
0.0250 0.0250 0.0000 576.00035 0.0252136
0.0250 0.0250 0.0000 584.00035 0.0245262
0.0250 0.0250 0.0000 592.00036 0.0239499
0.0250 0.0250 0.0000 600.00036 0.0235274
0.0250 0.0250 0.0000 608.00037 0.0229191
0.0250 0.0250 0.0000 616.00037 0.0224369
0.0250 0.0250 0.0000 624.00038 0.0221633
0.0250 0.0250 0.0000 632.00038 0.0217744
0.0250 0.0250 0.0000 640.00039 0.0213345
0.0250 0.0250 0.0000 648.00039 0.0209506
0.0250 0.0250 0.0000 656.00040 0.0205451
0.0250 0.0250 0.0000 664.00040 0.0201295
0.0250 0.0250 0.0000 672.00041 0.0199337
0.0250 0.0250 0.0000 680.00041 0.0199155
0.0250 0.0250 0.0000 688.00042 0.0196792
0.0250 0.0250 0.0000 696.00042 0.0193261
0.0250 0.0250 0.0000 704.00043 0.0188927
0.0250 0.0250 0.0000 712.00043 0.0186423
0.0250 0.0250 0.0000 720.00044 0.0185964
0.0250 0.0250 0.0000 728.00044 0.0185232
0.0250 0.0250 0.0000 736.00045 0.0183225
0.0000 0.0000 0.0000 744.00045 0.
0.0000 0.0000 0.0000 752.00046 0.
0.0000 0.0000 0.0000 760.00046 0.
0.0000 0.0000 0.0000 768.00047 0.
0.0000 0.0000 0.0000 776.00047 0.
0.0000 0.0000 0.0000 784.00048 0.
0.0000 0.0000 0.0000 792.00048 0.
0.0000 0.0000 0.0000 800.00049 0.0

0.0000 0.0000 0.0000 8.00000 9.40255
0.0000 0.0000 0.0000 16.00001 4.67212
0.0000 0.0000 0.0000 24.00001 3.10458
0.0000 0.0000 0.0000 32.00002 2.32574
0.0000 0.0000 0.0000 40.00002 1.85774
0.0000 0.0000 0.0000 48.00003 1.54639
0.0000 0.0000 0.0000 56.00003 1.32365
0.0000 0.0000 0.0000 64.00004 1.15675
0.0000 0.0000 0.0000 72.00004 1.02694
0.0000 0.0000 0.0000 80.00005 0.922989
0.0000 0.0000 0.0000 88.00005 0.837728
0.0000 0.0000 0.0000 96.00006 0.711132
0.0000 0.0000 0.0000 104.00006 0.63737
0.0000 0.0000 0.0000 112.00007 0.557557
0.0000 0.0000 0.0000 120.00007 0.51274
0.0000 0.0000 0.0000 128.00008 0.457055
0.0000 0.0000 0.0000 136.00008 0.413606
0.0000 0.0000 0.0000 144.00009 0.382458
0.0000 0.0000 0.0000 152.00009 0.367542
0.0000 0.0000 0.0000 160.00010 0.312228
0.0000 0.0000 0.0000 168.00010 0.303705
0.0000 0.0000 0.0000 176.00011 0.318974
0.0000 0.0000 0.0000 184.00011 0.219504
0.0000 0.0000 0.0000 192.00012 0.206505
0.0000 0.0000 0.0000 200.00012 0.184899
0.0000 0.0000 0.0000 208.00013 0.17052
0.0000 0.0000 0.0000 216.00013 0.188396
0.0000 0.0000 0.0000 224.00014 0.153678
0.0000 0.0000 0.0000 232.00014 0.138474
0.0000 0.0000 0.0000 240.00015 0.126223
0.0000 0.0000 0.0000 248.00015 0.114976
0.0000 0.0000 0.0000 256.00016 0.116558
0.0000 0.0000 0.0000 264.00016 0.109934
0.0000 0.0000 0.0000 272.00017 0.10359
0.0000 0.0000 0.0000 280.00017 0.0995153
0.0000 0.0000 0.0000 288.00017 0.0934763
0.0000 0.0000 0.0000 296.00018 0.088034
0.0000 0.0000 0.0000 304.00018 0.0831761
0.0000 0.0000 0.0000 312.00019 0.0788235
0.0000 0.0000 0.0000 320.00019 0.0749243
0.0000 0.0000 0.0000 328.00020 0.0715116
0.0000 0.0000 0.0000 336.00020 0.0685531
0.0000 0.0000 0.0000 344.00021 0.0654013
0.0000 0.0000 0.0000 352.00021 0.0623997
0.0000 0.0000 0.0000 360.00022 0.0604077
0.0000 0.0000 0.0000 368.00022 0.0585269
0.0000 0.0000 0.0000 376.00023 0.0557787
0.0000 0.0000 0.0000 384.00023 0.0530388
0.0000 0.0000 0.0000 392.00024 0.0513077
0.0000 0.0000 0.0000 400.00024 0.0499861
0.0000 0.0000 0.0000 408.00025 0.0481478
0.0000 0.0000 0.0000 416.00025 0.0453795
0.0000 0.0000 0.0000 424.00026 0.043509
0.0000 0.0000 0.0000 432.00026 0.042173
0.0000 0.0000 0.0000 440.00027 0.0399382
0.0000 0.0000 0.0000 448.00027 0.0379723
0.0000 0.0000 0.0000 456.00028 0.0364686
0.0000 0.0000 0.0000 464.00028 0.035157
0.0000 0.0000 0.0000 472.00029 0.0338695
0.0000 0.0000 0.0000 480.00029 0.0327143
0.0000 0.0000 0.0000 488.00030 0.0316796
0.0000 0.0000 0.0000 496.00030 0.0306301
0.0000 0.0000 0.0000 504.00031 0.0296316
0.0000 0.0000 0.0000 512.00031 0.0287383
0.0000 0.0000 0.0000 520.00032 0.027854
0.0000 0.0000 0.0000 528.00032 0.0269715
0.0000 0.0000 0.0000 536.00033 0.0261398
0.0000 0.0000 0.0000 544.00033 0.0253695
0.0000 0.0000 0.0000 552.00034 0.0246281
0.0000 0.0000 0.0000 560.00034 0.0239296
0.0000 0.0000 0.0000 568.00035 0.0232676
0.0000 0.0000 0.0000 576.00035 0.0226363
0.0000 0.0000 0.0000 584.00035 0.0220403
0.0000 0.0000 0.0000 592.00036 0.0214811
0.0000 0.0000 0.0000 600.00036 0.0209674
0.0000 0.0000 0.0000 608.00037 0.0205202
0.0000 0.0000 0.0000 616.00037 0.0202011
0.0000 0.0000 0.0000 624.00038 0.0200388
0.0000 0.0000 0.0000 632.00038 0.0196342
0.0000 0.0000 0.0000 640.00039 0.0195109
0.0000 0.0000 0.0000 648.00039 0.0192724
0.0000 0.0000 0.0000 656.00040 0.0185557
0.0000 0.0000 0.0000 664.00040 0.0181928
0.0000 0.0000 0.0000 672.00041 0.0174356
0.0000 0.0000 0.0000 680.00041 0.01668
0.0000 0.0000 0.0000 688.00042 0.0161602
0.0000 0.0000 0.0000 696.00042 0.0157281
0.0000 0.0000 0.0000 704.00043 0.0153387
0.0000 0.0000 0.0000 712.00043 0.0149576
0.0000 0.0000 0.0000 720.00044 0.0146032
0.0000 0.0000 0.0000 728.00044 0.0142884
0.0000 0.0000 0.0000 736.00045 0.0139985
0.0000 0.0000 0.0000 744.00045 0.0137123
0.0000 0.0000 0.0000 752.00046 0.0134279
0.0000 0.0000 0.0000 760.00046 0.013159
0.0000 0.0000 0.0000 768.00047 0.0129035
0.0000 0.0000 0.0000 776.00047 0.0126736
0.0000 0.0000 0.0000 784.00048 0.012452
0.0000 0.0000 0.0000 792.00048 0.0122275
0.0000 0.0000 0.0000 800.00049 0.0120219
