0.5000 0.5000 0.5000 8.00000 0.0066678
0.5000 0.5000 0.5000 16.00001 0.0110735
0.5000 0.5000 0.5000 24.00001 0.0148889
0.5000 0.5000 0.5000 32.00002 0.0327635
0.5000 0.5000 0.5000 40.00002 0.0295674
0.5000 0.5000 0.5000 48.00003 0.0461757
0.5000 0.5000 0.5000 56.00003 0.0435515
0.5000 0.5000 0.5000 64.00004 0.039015
0.5000 0.5000 0.5000 72.00004 0.0444204
0.5000 0.5000 0.5000 80.00005 0.052627
0.5000 0.5000 0.5000 88.00005 0.0664694
0.5000 0.5000 0.5000 96.00006 0.0913365
0.5000 0.5000 0.5000 104.00006 0.127042
0.5000 0.5000 0.5000 112.00007 0.135939
0.5000 0.5000 0.5000 120.00007 0.120004
0.5000 0.5000 0.5000 128.00008 0.124479
0.5000 0.5000 0.5000 136.00008 0.136435
0.5000 0.5000 0.5000 144.00009 0.151115
0.5000 0.5000 0.5000 152.00009 0.192926
0.5000 0.5000 0.5000 160.00010 0.253804
0.5000 0.5000 0.5000 168.00010 0.33293
0.5000 0.5000 0.5000 176.00011 0.285963
0.5000 0.5000 0.5000 184.00011 0.250354
0.5000 0.5000 0.5000 192.00012 0.277846
0.5000 0.5000 0.5000 200.00012 0.327587
0.5000 0.5000 0.5000 208.00013 0.334357
0.5000 0.5000 0.5000 216.00013 0.354294
0.5000 0.5000 0.5000 224.00014 0.445566
0.5000 0.5000 0.5000 232.00014 0.584068
0.5000 0.5000 0.5000 240.00015 0.708386
0.5000 0.5000 0.5000 248.00015 0.707599
0.5000 0.5000 0.5000 256.00016 0.814044
0.5000 0.5000 0.5000 264.00016 1.11468
0.5000 0.5000 0.5000 272.00017 1.65395
0.5000 0.5000 0.5000 280.00017 1.85606
0.5000 0.5000 0.5000 288.00017 2.25375
0.5000 0.5000 0.5000 296.00018 3.67531
0.5000 0.5000 0.5000 304.00018 4.96916
0.5000 0.5000 0.5000 312.00019 5.88815
0.5000 0.5000 0.5000 320.00019 6.80054
0.5000 0.5000 0.5000 328.00020 7.4344
0.5000 0.5000 0.5000 336.00020 7.15515
0.5000 0.5000 0.5000 344.00021 7.06499
0.5000 0.5000 0.5000 352.00021 5.83633
0.5000 0.5000 0.5000 360.00022 6.55897
0.5000 0.5000 0.5000 368.00022 7.44297
0.5000 0.5000 0.5000 376.00023 9.40337
0.5000 0.5000 0.5000 384.00023 9.52374
0.5000 0.5000 0.5000 392.00024 8.07957
0.5000 0.5000 0.5000 400.00024 5.7776
0.5000 0.5000 0.5000 408.00025 3.65879
0.5000 0.5000 0.5000 416.00025 2.40891
0.5000 0.5000 0.5000 424.00026 2.24888
0.5000 0.5000 0.5000 432.00026 2.68314
0.5000 0.5000 0.5000 440.00027 2.46983
0.5000 0.5000 0.5000 448.00027 2.30864
0.5000 0.5000 0.5000 456.00028 2.39282
0.5000 0.5000 0.5000 464.00028 1.75654
0.5000 0.5000 0.5000 472.00029 1.15331
0.5000 0.5000 0.5000 480.00029 0.898683
0.5000 0.5000 0.5000 488.00030 0.922577
0.5000 0.5000 0.5000 496.00030 1.24003
0.5000 0.5000 0.5000 504.00031 1.30488
0.5000 0.5000 0.5000 512.00031 0.864066
0.5000 0.5000 0.5000 520.00032 0.642857
0.5000 0.5000 0.5000 528.00032 0.628839
0.5000 0.5000 0.5000 536.00033 0.64763
0.5000 0.5000 0.5000 544.00033 0.695222
0.5000 0.5000 0.5000 552.00034 0.622399
0.5000 0.5000 0.5000 560.00034 0.588499
0.5000 0.5000 0.5000 568.00035 0.595717
0.5000 0.5000 0.5000 576.00035 0.654419
0.5000 0.5000 0.5000 584.00035 0.757527
0.5000 0.5000 0.5000 592.00036 0.701475
0.5000 0.5000 0.5000 600.00036 0.605522
0.5000 0.5000 0.5000 608.00037 0.52035
0.5000 0.5000 0.5000 616.00037 0.410495
0.5000 0.5000 0.5000 624.00038 0.365441
0.5000 0.5000 0.5000 632.00038 0.373521
0.5000 0.5000 0.5000 640.00039 0.390333
0.5000 0.5000 0.5000 648.00039 0.406763
0.5000 0.5000 0.5000 656.00040 0.412067
0.5000 0.5000 0.5000 664.00040 0.396387
0.5000 0.5000 0.5000 672.00041 0.363656
0.5000 0.5000 0.5000 680.00041 0.361206
0.5000 0.5000 0.5000 688.00042 0.37254
0.5000 0.5000 0.5000 696.00042 0.440843
0.5000 0.5000 0.5000 704.00043 0.486841
0.5000 0.5000 0.5000 712.00043 0.424367
0.5000 0.5000 0.5000 720.00044 0.351999
0.5000 0.5000 0.5000 728.00044 0.277037
0.5000 0.5000 0.5000 736.00045 0.244747
0.5000 0.5000 0.5000 744.00045 0.245046
0.5000 0.5000 0.5000 752.00046 0.284076
0.5000 0.5000 0.5000 760.00046 0.302097
0.5000 0.5000 0.5000 768.00047 0.287815
0.5000 0.5000 0.5000 776.00047 0.342447
0.5000 0.5000 0.5000 784.00048 0.3967
0.5000 0.5000 0.5000 792.00048 0.364563
0.5000 0.5000 0.5000 800.00049 0.366811

0.5000 0.5000 0.4750 8.00000 0.0048642
0.5000 0.5000 0.4750 16.00001 0.010931
0.5000 0.5000 0.4750 24.00001 0.014903
0.5000 0.5000 0.4750 32.00002 0.026993
0.5000 0.5000 0.4750 40.00002 0.0366194
0.5000 0.5000 0.4750 48.00003 0.0338403
0.5000 0.5000 0.4750 56.00003 0.0431583
0.5000 0.5000 0.4750 64.00004 0.0501862
0.5000 0.5000 0.4750 72.00004 0.0580892
0.5000 0.5000 0.4750 80.00005 0.0720517
0.5000 0.5000 0.4750 88.00005 0.082424
0.5000 0.5000 0.4750 96.00006 0.100784
0.5000 0.5000 0.4750 104.00006 0.116246
0.5000 0.5000 0.4750 112.00007 0.126896
0.5000 0.5000 0.4750 120.00007 0.14028
0.5000 0.5000 0.4750 128.00008 0.14302
0.5000 0.5000 0.4750 136.00008 0.151933
0.5000 0.5000 0.4750 144.00009 0.161527
0.5000 0.5000 0.4750 152.00009 0.186661
0.5000 0.5000 0.4750 160.00010 0.217949
0.5000 0.5000 0.4750 168.00010 0.229926
0.5000 0.5000 0.4750 176.00011 0.244938
0.5000 0.5000 0.4750 184.00011 0.273822
0.5000 0.5000 0.4750 192.00012 0.311838
0.5000 0.5000 0.4750 200.00012 0.335429
0.5000 0.5000 0.4750 208.00013 0.371665
0.5000 0.5000 0.4750 216.00013 0.440177
0.5000 0.5000 0.4750 224.00014 0.56928
0.5000 0.5000 0.4750 232.00014 0.736637
0.5000 0.5000 0.4750 240.00015 0.812515
0.5000 0.5000 0.4750 248.00015 0.899147
0.5000 0.5000 0.4750 256.00016 1.17839
0.5000 0.5000 0.4750 264.00016 1.60485
0.5000 0.5000 0.4750 272.00017 1.86104
0.5000 0.5000 0.4750 280.00017 1.9405
0.5000 0.5000 0.4750 288.00017 2.21191
0.5000 0.5000 0.4750 296.00018 2.72474
0.5000 0.5000 0.4750 304.00018 3.91769
0.5000 0.5000 0.4750 312.00019 4.87524
0.5000 0.5000 0.4750 320.00019 5.12027
0.5000 0.5000 0.4750 328.00020 6.09003
0.5000 0.5000 0.4750 336.00020 8.01166
0.5000 0.5000 0.4750 344.00021 9.06955
0.5000 0.5000 0.4750 352.00021 10.0928
0.5000 0.5000 0.4750 360.00022 10.288
0.5000 0.5000 0.4750 368.00022 9.37945
0.5000 0.5000 0.4750 376.00023 8.02739
0.5000 0.5000 0.4750 384.00023 6.27994
0.5000 0.5000 0.4750 392.00024 5.27069
0.5000 0.5000 0.4750 400.00024 4.67097
0.5000 0.5000 0.4750 408.00025 4.3559
0.5000 0.5000 0.4750 416.00025 3.58983
0.5000 0.5000 0.4750 424.00026 2.92036
0.5000 0.5000 0.4750 432.00026 2.51317
0.5000 0.5000 0.4750 440.00027 2.22805
0.5000 0.5000 0.4750 448.00027 1.93842
0.5000 0.5000 0.4750 456.00028 1.75966
0.5000 0.5000 0.4750 464.00028 1.54634
0.5000 0.5000 0.4750 472.00029 1.3967
0.5000 0.5000 0.4750 480.00029 1.38147
0.5000 0.5000 0.4750 488.00030 1.30061
0.5000 0.5000 0.4750 496.00030 1.13244
0.5000 0.5000 0.4750 504.00031 1.10278
0.5000 0.5000 0.4750 512.00031 1.00248
0.5000 0.5000 0.4750 520.00032 0.89375
0.5000 0.5000 0.4750 528.00032 0.866519
0.5000 0.5000 0.4750 536.00033 0.761374
0.5000 0.5000 0.4750 544.00033 0.688709
0.5000 0.5000 0.4750 552.00034 0.744775
0.5000 0.5000 0.4750 560.00034 0.785365
0.5000 0.5000 0.4750 568.00035 0.703081
0.5000 0.5000 0.4750 576.00035 0.607862
0.5000 0.5000 0.4750 584.00035 0.547382
0.5000 0.5000 0.4750 592.00036 0.528873
0.5000 0.5000 0.4750 600.00036 0.534131
0.5000 0.5000 0.4750 608.00037 0.506379
0.5000 0.5000 0.4750 616.00037 0.480156
0.5000 0.5000 0.4750 624.00038 0.457737
0.5000 0.5000 0.4750 632.00038 0.433466
0.5000 0.5000 0.4750 640.00039 0.415942
0.5000 0.5000 0.4750 648.00039 0.423662
0.5000 0.5000 0.4750 656.00040 0.409914
0.5000 0.5000 0.4750 664.00040 0.388951
0.5000 0.5000 0.4750 672.00041 0.393637
0.5000 0.5000 0.4750 680.00041 0.403141
0.5000 0.5000 0.4750 688.00042 0.409076
0.5000 0.5000 0.4750 696.00042 0.422756
0.5000 0.5000 0.4750 704.00043 0.426588
0.5000 0.5000 0.4750 712.00043 0.389754
0.5000 0.5000 0.4750 720.00044 0.349741
0.5000 0.5000 0.4750 728.00044 0.338074
0.5000 0.5000 0.4750 736.00045 0.332922
0.5000 0.5000 0.4750 744.00045 0.334941
0.5000 0.5000 0.4750 752.00046 0.353199
0.5000 0.5000 0.4750 760.00046 0.332856
0.5000 0.5000 0.4750 768.00047 0.308753
0.5000 0.5000 0.4750 776.00047 0.307583
0.5000 0.5000 0.4750 784.00048 0.311293
0.5000 0.5000 0.4750 792.00048 0.299641
0.5000 0.5000 0.4750 800.00049 0.292927

0.5000 0.5000 0.4500 8.00000 0.0051889
0.5000 0.5000 0.4500 16.00001 0.0077106
0.5000 0.5000 0.4500 24.00001 0.0161525
0.5000 0.5000 0.4500 32.00002 0.0225089
0.5000 0.5000 0.4500 40.00002 0.0290699
0.5000 0.5000 0.4500 48.00003 0.044918
0.5000 0.5000 0.4500 56.00003 0.0636512
0.5000 0.5000 0.4500 64.00004 0.064224
0.5000 0.5000 0.4500 72.00004 0.0708599
0.5000 0.5000 0.4500 80.00005 0.074105
0.5000 0.5000 0.4500 88.00005 0.0889685
0.5000 0.5000 0.4500 96.00006 0.102874
0.5000 0.5000 0.4500 104.00006 0.120261
0.5000 0.5000 0.4500 112.00007 0.125751
0.5000 0.5000 0.4500 120.00007 0.130467
0.5000 0.5000 0.4500 128.00008 0.137074
0.5000 0.5000 0.4500 136.00008 0.142999
0.5000 0.5000 0.4500 144.00009 0.153212
0.5000 0.5000 0.4500 152.00009 0.174149
0.5000 0.5000 0.4500 160.00010 0.209451
0.5000 0.5000 0.4500 168.00010 0.249596
0.5000 0.5000 0.4500 176.00011 0.292043
0.5000 0.5000 0.4500 184.00011 0.362742
0.5000 0.5000 0.4500 192.00012 0.468153
0.5000 0.5000 0.4500 200.00012 0.590126
0.5000 0.5000 0.4500 208.00013 0.654872
0.5000 0.5000 0.4500 216.00013 0.658123
0.5000 0.5000 0.4500 224.00014 0.678494
0.5000 0.5000 0.4500 232.00014 0.76867
0.5000 0.5000 0.4500 240.00015 0.886982
0.5000 0.5000 0.4500 248.00015 0.983344
0.5000 0.5000 0.4500 256.00016 1.22382
0.5000 0.5000 0.4500 264.00016 1.53381
0.5000 0.5000 0.4500 272.00017 1.70606
0.5000 0.5000 0.4500 280.00017 1.99778
0.5000 0.5000 0.4500 288.00017 2.66751
0.5000 0.5000 0.4500 296.00018 3.06322
0.5000 0.5000 0.4500 304.00018 3.60767
0.5000 0.5000 0.4500 312.00019 4.57512
0.5000 0.5000 0.4500 320.00019 5.50258
0.5000 0.5000 0.4500 328.00020 5.49306
0.5000 0.5000 0.4500 336.00020 6.75605
0.5000 0.5000 0.4500 344.00021 10.2575
0.5000 0.5000 0.4500 352.00021 12.0136
0.5000 0.5000 0.4500 360.00022 11.4668
0.5000 0.5000 0.4500 368.00022 10.274
0.5000 0.5000 0.4500 376.00023 8.00765
0.5000 0.5000 0.4500 384.00023 6.48821
0.5000 0.5000 0.4500 392.00024 5.78842
0.5000 0.5000 0.4500 400.00024 4.32889
0.5000 0.5000 0.4500 408.00025 2.96636
0.5000 0.5000 0.4500 416.00025 2.29499
0.5000 0.5000 0.4500 424.00026 2.08871
0.5000 0.5000 0.4500 432.00026 2.02884
0.5000 0.5000 0.4500 440.00027 2.04467
0.5000 0.5000 0.4500 448.00027 1.96417
0.5000 0.5000 0.4500 456.00028 1.89088
0.5000 0.5000 0.4500 464.00028 1.68477
0.5000 0.5000 0.4500 472.00029 1.51593
0.5000 0.5000 0.4500 480.00029 1.39536
0.5000 0.5000 0.4500 488.00030 1.3801
0.5000 0.5000 0.4500 496.00030 1.36173
0.5000 0.5000 0.4500 504.00031 1.2114
0.5000 0.5000 0.4500 512.00031 1.00257
0.5000 0.5000 0.4500 520.00032 0.939117
0.5000 0.5000 0.4500 528.00032 1.03403
0.5000 0.5000 0.4500 536.00033 1.03859
0.5000 0.5000 0.4500 544.00033 0.908273
0.5000 0.5000 0.4500 552.00034 0.79177
0.5000 0.5000 0.4500 560.00034 0.769883
0.5000 0.5000 0.4500 568.00035 0.691116
0.5000 0.5000 0.4500 576.00035 0.596639
0.5000 0.5000 0.4500 584.00035 0.552612
0.5000 0.5000 0.4500 592.00036 0.48072
0.5000 0.5000 0.4500 600.00036 0.432719
0.5000 0.5000 0.4500 608.00037 0.421355
0.5000 0.5000 0.4500 616.00037 0.416473
0.5000 0.5000 0.4500 624.00038 0.420442
0.5000 0.5000 0.4500 632.00038 0.425775
0.5000 0.5000 0.4500 640.00039 0.448177
0.5000 0.5000 0.4500 648.00039 0.474295
0.5000 0.5000 0.4500 656.00040 0.489936
0.5000 0.5000 0.4500 664.00040 0.448473
0.5000 0.5000 0.4500 672.00041 0.407342
0.5000 0.5000 0.4500 680.00041 0.391641
0.5000 0.5000 0.4500 688.00042 0.379352
0.5000 0.5000 0.4500 696.00042 0.385709
0.5000 0.5000 0.4500 704.00043 0.390954
0.5000 0.5000 0.4500 712.00043 0.398068
0.5000 0.5000 0.4500 720.00044 0.411437
0.5000 0.5000 0.4500 728.00044 0.399769
0.5000 0.5000 0.4500 736.00045 0.392737
0.5000 0.5000 0.4500 744.00045 0.373713
0.5000 0.5000 0.4500 752.00046 0.359863
0.5000 0.5000 0.4500 760.00046 0.347926
0.5000 0.5000 0.4500 768.00047 0.321056
0.5000 0.5000 0.4500 776.00047 0.299296
0.5000 0.5000 0.4500 784.00048 0.281591
0.5000 0.5000 0.4500 792.00048 0.281616
0.5000 0.5000 0.4500 800.00049 0.29344

0.5000 0.5000 0.4250 8.00000 0.0043483
0.5000 0.5000 0.4250 16.00001 0.0115997
0.5000 0.5000 0.4250 24.00001 0.0268654
0.5000 0.5000 0.4250 32.00002 0.0257476
0.5000 0.5000 0.4250 40.00002 0.039378
0.5000 0.5000 0.4250 48.00003 0.0413951
0.5000 0.5000 0.4250 56.00003 0.0528481
0.5000 0.5000 0.4250 64.00004 0.0545124
0.5000 0.5000 0.4250 72.00004 0.0652844
0.5000 0.5000 0.4250 80.00005 0.0853782
0.5000 0.5000 0.4250 88.00005 0.102648
0.5000 0.5000 0.4250 96.00006 0.119158
0.5000 0.5000 0.4250 104.00006 0.13474
0.5000 0.5000 0.4250 112.00007 0.146303
0.5000 0.5000 0.4250 120.00007 0.152304
0.5000 0.5000 0.4250 128.00008 0.173792
0.5000 0.5000 0.4250 136.00008 0.210136
0.5000 0.5000 0.4250 144.00009 0.255887
0.5000 0.5000 0.4250 152.00009 0.302659
0.5000 0.5000 0.4250 160.00010 0.354428
0.5000 0.5000 0.4250 168.00010 0.342681
0.5000 0.5000 0.4250 176.00011 0.357673
0.5000 0.5000 0.4250 184.00011 0.422381
0.5000 0.5000 0.4250 192.00012 0.436747
0.5000 0.5000 0.4250 200.00012 0.435609
0.5000 0.5000 0.4250 208.00013 0.475593
0.5000 0.5000 0.4250 216.00013 0.584525
0.5000 0.5000 0.4250 224.00014 0.784732
0.5000 0.5000 0.4250 232.00014 0.963756
0.5000 0.5000 0.4250 240.00015 0.988307
0.5000 0.5000 0.4250 248.00015 1.11136
0.5000 0.5000 0.4250 256.00016 1.48886
0.5000 0.5000 0.4250 264.00016 1.91765
0.5000 0.5000 0.4250 272.00017 2.16831
0.5000 0.5000 0.4250 280.00017 2.42554
0.5000 0.5000 0.4250 288.00017 2.89091
0.5000 0.5000 0.4250 296.00018 3.06783
0.5000 0.5000 0.4250 304.00018 3.93079
0.5000 0.5000 0.4250 312.00019 5.585
0.5000 0.5000 0.4250 320.00019 7.0449
0.5000 0.5000 0.4250 328.00020 7.47236
0.5000 0.5000 0.4250 336.00020 7.74872
0.5000 0.5000 0.4250 344.00021 8.09462
0.5000 0.5000 0.4250 352.00021 10.4613
0.5000 0.5000 0.4250 360.00022 12.4301
0.5000 0.5000 0.4250 368.00022 9.56326
0.5000 0.5000 0.4250 376.00023 6.26359
0.5000 0.5000 0.4250 384.00023 4.42603
0.5000 0.5000 0.4250 392.00024 4.12156
0.5000 0.5000 0.4250 400.00024 4.0702
0.5000 0.5000 0.4250 408.00025 3.86638
0.5000 0.5000 0.4250 416.00025 3.38996
0.5000 0.5000 0.4250 424.00026 2.81398
0.5000 0.5000 0.4250 432.00026 2.59965
0.5000 0.5000 0.4250 440.00027 2.36418
0.5000 0.5000 0.4250 448.00027 2.14564
0.5000 0.5000 0.4250 456.00028 1.74939
0.5000 0.5000 0.4250 464.00028 1.60755
0.5000 0.5000 0.4250 472.00029 1.58851
0.5000 0.5000 0.4250 480.00029 1.39998
0.5000 0.5000 0.4250 488.00030 1.15429
0.5000 0.5000 0.4250 496.00030 1.17845
0.5000 0.5000 0.4250 504.00031 1.22762
0.5000 0.5000 0.4250 512.00031 1.1683
0.5000 0.5000 0.4250 520.00032 1.06683
0.5000 0.5000 0.4250 528.00032 1.00515
0.5000 0.5000 0.4250 536.00033 1.00527
0.5000 0.5000 0.4250 544.00033 0.912743
0.5000 0.5000 0.4250 552.00034 0.818149
0.5000 0.5000 0.4250 560.00034 0.768812
0.5000 0.5000 0.4250 568.00035 0.692815
0.5000 0.5000 0.4250 576.00035 0.655322
0.5000 0.5000 0.4250 584.00035 0.613193
0.5000 0.5000 0.4250 592.00036 0.542715
0.5000 0.5000 0.4250 600.00036 0.500867
0.5000 0.5000 0.4250 608.00037 0.524584
0.5000 0.5000 0.4250 616.00037 0.548408
0.5000 0.5000 0.4250 624.00038 0.525692
0.5000 0.5000 0.4250 632.00038 0.447422
0.5000 0.5000 0.4250 640.00039 0.388704
0.5000 0.5000 0.4250 648.00039 0.360928
0.5000 0.5000 0.4250 656.00040 0.364438
0.5000 0.5000 0.4250 664.00040 0.392324
0.5000 0.5000 0.4250 672.00041 0.411204
0.5000 0.5000 0.4250 680.00041 0.418649
0.5000 0.5000 0.4250 688.00042 0.423539
0.5000 0.5000 0.4250 696.00042 0.425525
0.5000 0.5000 0.4250 704.00043 0.393167
0.5000 0.5000 0.4250 712.00043 0.366175
0.5000 0.5000 0.4250 720.00044 0.364327
0.5000 0.5000 0.4250 728.00044 0.369103
0.5000 0.5000 0.4250 736.00045 0.384315
0.5000 0.5000 0.4250 744.00045 0.382259
0.5000 0.5000 0.4250 752.00046 0.376157
0.5000 0.5000 0.4250 760.00046 0.35924
0.5000 0.5000 0.4250 768.00047 0.337757
0.5000 0.5000 0.4250 776.00047 0.332391
0.5000 0.5000 0.4250 784.00048 0.334763
0.5000 0.5000 0.4250 792.00048 0.334182
0.5000 0.5000 0.4250 800.00049 0.335502

0.5000 0.5000 0.4000 8.00000 0.0054419
0.5000 0.5000 0.4000 16.00001 0.0229614
0.5000 0.5000 0.4000 24.00001 0.0237051
0.5000 0.5000 0.4000 32.00002 0.0407362
0.5000 0.5000 0.4000 40.00002 0.0295194
0.5000 0.5000 0.4000 48.00003 0.0394067
0.5000 0.5000 0.4000 56.00003 0.0428029
0.5000 0.5000 0.4000 64.00004 0.0551079
0.5000 0.5000 0.4000 72.00004 0.072104
0.5000 0.5000 0.4000 80.00005 0.0880228
0.5000 0.5000 0.4000 88.00005 0.100492
0.5000 0.5000 0.4000 96.00006 0.116147
0.5000 0.5000 0.4000 104.00006 0.140977
0.5000 0.5000 0.4000 112.00007 0.182855
0.5000 0.5000 0.4000 120.00007 0.232931
0.5000 0.5000 0.4000 128.00008 0.270079
0.5000 0.5000 0.4000 136.00008 0.28993
0.5000 0.5000 0.4000 144.00009 0.273926
0.5000 0.5000 0.4000 152.00009 0.279631
0.5000 0.5000 0.4000 160.00010 0.319694
0.5000 0.5000 0.4000 168.00010 0.388707
0.5000 0.5000 0.4000 176.00011 0.485258
0.5000 0.5000 0.4000 184.00011 0.5423
0.5000 0.5000 0.4000 192.00012 0.626113
0.5000 0.5000 0.4000 200.00012 0.703274
0.5000 0.5000 0.4000 208.00013 0.685029
0.5000 0.5000 0.4000 216.00013 0.657415
0.5000 0.5000 0.4000 224.00014 0.738833
0.5000 0.5000 0.4000 232.00014 0.970517
0.5000 0.5000 0.4000 240.00015 1.17353
0.5000 0.5000 0.4000 248.00015 1.34637
0.5000 0.5000 0.4000 256.00016 1.74628
0.5000 0.5000 0.4000 264.00016 2.34801
0.5000 0.5000 0.4000 272.00017 2.89337
0.5000 0.5000 0.4000 280.00017 3.1438
0.5000 0.5000 0.4000 288.00017 3.74247
0.5000 0.5000 0.4000 296.00018 4.5514
0.5000 0.5000 0.4000 304.00018 5.03787
0.5000 0.5000 0.4000 312.00019 5.95119
0.5000 0.5000 0.4000 320.00019 6.91638
0.5000 0.5000 0.4000 328.00020 8.19115
0.5000 0.5000 0.4000 336.00020 9.11315
0.5000 0.5000 0.4000 344.00021 9.03929
0.5000 0.5000 0.4000 352.00021 7.87862
0.5000 0.5000 0.4000 360.00022 6.72978
0.5000 0.5000 0.4000 368.00022 6.3153
0.5000 0.5000 0.4000 376.00023 6.49045
0.5000 0.5000 0.4000 384.00023 6.34008
0.5000 0.5000 0.4000 392.00024 5.52136
0.5000 0.5000 0.4000 400.00024 4.82181
0.5000 0.5000 0.4000 408.00025 4.01444
0.5000 0.5000 0.4000 416.00025 3.50295
0.5000 0.5000 0.4000 424.00026 3.11627
0.5000 0.5000 0.4000 432.00026 2.52412
0.5000 0.5000 0.4000 440.00027 2.10906
0.5000 0.5000 0.4000 448.00027 1.88157
0.5000 0.5000 0.4000 456.00028 1.85017
0.5000 0.5000 0.4000 464.00028 1.66686
0.5000 0.5000 0.4000 472.00029 1.4702
0.5000 0.5000 0.4000 480.00029 1.31406
0.5000 0.5000 0.4000 488.00030 1.27017
0.5000 0.5000 0.4000 496.00030 1.27796
0.5000 0.5000 0.4000 504.00031 1.17073
0.5000 0.5000 0.4000 512.00031 1.10125
0.5000 0.5000 0.4000 520.00032 0.98469
0.5000 0.5000 0.4000 528.00032 0.825127
0.5000 0.5000 0.4000 536.00033 0.743409
0.5000 0.5000 0.4000 544.00033 0.714401
0.5000 0.5000 0.4000 552.00034 0.677825
0.5000 0.5000 0.4000 560.00034 0.705248
0.5000 0.5000 0.4000 568.00035 0.730056
0.5000 0.5000 0.4000 576.00035 0.744912
0.5000 0.5000 0.4000 584.00035 0.695342
0.5000 0.5000 0.4000 592.00036 0.651356
0.5000 0.5000 0.4000 600.00036 0.666232
0.5000 0.5000 0.4000 608.00037 0.686719
0.5000 0.5000 0.4000 616.00037 0.644515
0.5000 0.5000 0.4000 624.00038 0.548107
0.5000 0.5000 0.4000 632.00038 0.500449
0.5000 0.5000 0.4000 640.00039 0.465183
0.5000 0.5000 0.4000 648.00039 0.459476
0.5000 0.5000 0.4000 656.00040 0.477556
0.5000 0.5000 0.4000 664.00040 0.45816
0.5000 0.5000 0.4000 672.00041 0.423127
0.5000 0.5000 0.4000 680.00041 0.407909
0.5000 0.5000 0.4000 688.00042 0.415383
0.5000 0.5000 0.4000 696.00042 0.409936
0.5000 0.5000 0.4000 704.00043 0.397749
0.5000 0.5000 0.4000 712.00043 0.414635
0.5000 0.5000 0.4000 720.00044 0.442893
0.5000 0.5000 0.4000 728.00044 0.411125
0.5000 0.5000 0.4000 736.00045 0.379978
0.5000 0.5000 0.4000 744.00045 0.375663
0.5000 0.5000 0.4000 752.00046 0.373547
0.5000 0.5000 0.4000 760.00046 0.347519
0.5000 0.5000 0.4000 768.00047 0.320449
0.5000 0.5000 0.4000 776.00047 0.315014
0.5000 0.5000 0.4000 784.00048 0.32008
0.5000 0.5000 0.4000 792.00048 0.314643
0.5000 0.5000 0.4000 800.00049 0.313288

0.5000 0.5000 0.3750 8.00000 0.0093133
0.5000 0.5000 0.3750 16.00001 0.0146552
0.5000 0.5000 0.3750 24.00001 0.0244068
0.5000 0.5000 0.3750 32.00002 0.0354774
0.5000 0.5000 0.3750 40.00002 0.0461361
0.5000 0.5000 0.3750 48.00003 0.0604706
0.5000 0.5000 0.3750 56.00003 0.0659265
0.5000 0.5000 0.3750 64.00004 0.0732684
0.5000 0.5000 0.3750 72.00004 0.0797871
0.5000 0.5000 0.3750 80.00005 0.105904
0.5000 0.5000 0.3750 88.00005 0.130907
0.5000 0.5000 0.3750 96.00006 0.145855
0.5000 0.5000 0.3750 104.00006 0.167674
0.5000 0.5000 0.3750 112.00007 0.203432
0.5000 0.5000 0.3750 120.00007 0.238727
0.5000 0.5000 0.3750 128.00008 0.284717
0.5000 0.5000 0.3750 136.00008 0.285649
0.5000 0.5000 0.3750 144.00009 0.298266
0.5000 0.5000 0.3750 152.00009 0.332963
0.5000 0.5000 0.3750 160.00010 0.347057
0.5000 0.5000 0.3750 168.00010 0.37784
0.5000 0.5000 0.3750 176.00011 0.47082
0.5000 0.5000 0.3750 184.00011 0.630466
0.5000 0.5000 0.3750 192.00012 0.699007
0.5000 0.5000 0.3750 200.00012 0.70898
0.5000 0.5000 0.3750 208.00013 0.805984
0.5000 0.5000 0.3750 216.00013 1.02837
0.5000 0.5000 0.3750 224.00014 1.28574
0.5000 0.5000 0.3750 232.00014 1.60335
0.5000 0.5000 0.3750 240.00015 2.01286
0.5000 0.5000 0.3750 248.00015 2.09577
0.5000 0.5000 0.3750 256.00016 2.39812
0.5000 0.5000 0.3750 264.00016 2.97769
0.5000 0.5000 0.3750 272.00017 3.51845
0.5000 0.5000 0.3750 280.00017 3.33881
0.5000 0.5000 0.3750 288.00017 3.61833
0.5000 0.5000 0.3750 296.00018 4.37167
0.5000 0.5000 0.3750 304.00018 5.49498
0.5000 0.5000 0.3750 312.00019 6.53233
0.5000 0.5000 0.3750 320.00019 7.34343
0.5000 0.5000 0.3750 328.00020 7.70836
0.5000 0.5000 0.3750 336.00020 7.64003
0.5000 0.5000 0.3750 344.00021 7.31024
0.5000 0.5000 0.3750 352.00021 8.44448
0.5000 0.5000 0.3750 360.00022 7.97768
0.5000 0.5000 0.3750 368.00022 6.6796
0.5000 0.5000 0.3750 376.00023 6.31628
0.5000 0.5000 0.3750 384.00023 5.63096
0.5000 0.5000 0.3750 392.00024 5.13472
0.5000 0.5000 0.3750 400.00024 4.46748
0.5000 0.5000 0.3750 408.00025 3.80442
0.5000 0.5000 0.3750 416.00025 3.38409
0.5000 0.5000 0.3750 424.00026 2.94323
0.5000 0.5000 0.3750 432.00026 2.33756
0.5000 0.5000 0.3750 440.00027 2.06358
0.5000 0.5000 0.3750 448.00027 1.86307
0.5000 0.5000 0.3750 456.00028 1.63909
0.5000 0.5000 0.3750 464.00028 1.48899
0.5000 0.5000 0.3750 472.00029 1.34401
0.5000 0.5000 0.3750 480.00029 1.22127
0.5000 0.5000 0.3750 488.00030 1.16902
0.5000 0.5000 0.3750 496.00030 1.08039
0.5000 0.5000 0.3750 504.00031 1.0602
0.5000 0.5000 0.3750 512.00031 1.12983
0.5000 0.5000 0.3750 520.00032 1.16141
0.5000 0.5000 0.3750 528.00032 0.989258
0.5000 0.5000 0.3750 536.00033 0.873273
0.5000 0.5000 0.3750 544.00033 0.864582
0.5000 0.5000 0.3750 552.00034 0.841265
0.5000 0.5000 0.3750 560.00034 0.852465
0.5000 0.5000 0.3750 568.00035 0.7836
0.5000 0.5000 0.3750 576.00035 0.746892
0.5000 0.5000 0.3750 584.00035 0.708115
0.5000 0.5000 0.3750 592.00036 0.680976
0.5000 0.5000 0.3750 600.00036 0.627886
0.5000 0.5000 0.3750 608.00037 0.615463
0.5000 0.5000 0.3750 616.00037 0.621721
0.5000 0.5000 0.3750 624.00038 0.582574
0.5000 0.5000 0.3750 632.00038 0.523412
0.5000 0.5000 0.3750 640.00039 0.512714
0.5000 0.5000 0.3750 648.00039 0.518592
0.5000 0.5000 0.3750 656.00040 0.490789
0.5000 0.5000 0.3750 664.00040 0.482873
0.5000 0.5000 0.3750 672.00041 0.44256
0.5000 0.5000 0.3750 680.00041 0.403628
0.5000 0.5000 0.3750 688.00042 0.395296
0.5000 0.5000 0.3750 696.00042 0.398617
0.5000 0.5000 0.3750 704.00043 0.406497
0.5000 0.5000 0.3750 712.00043 0.387231
0.5000 0.5000 0.3750 720.00044 0.38117
0.5000 0.5000 0.3750 728.00044 0.376448
0.5000 0.5000 0.3750 736.00045 0.366229
0.5000 0.5000 0.3750 744.00045 0.344901
0.5000 0.5000 0.3750 752.00046 0.352221
0.5000 0.5000 0.3750 760.00046 0.381422
0.5000 0.5000 0.3750 768.00047 0.410292
0.5000 0.5000 0.3750 776.00047 0.407483
0.5000 0.5000 0.3750 784.00048 0.388601
0.5000 0.5000 0.3750 792.00048 0.379176
0.5000 0.5000 0.3750 800.00049 0.383585

0.5000 0.5000 0.3500 8.00000 0.0063917
0.5000 0.5000 0.3500 16.00001 0.0217706
0.5000 0.5000 0.3500 24.00001 0.0272082
0.5000 0.5000 0.3500 32.00002 0.0619732
0.5000 0.5000 0.3500 40.00002 0.0572246
0.5000 0.5000 0.3500 48.00003 0.0856406
0.5000 0.5000 0.3500 56.00003 0.104211
0.5000 0.5000 0.3500 64.00004 0.107233
0.5000 0.5000 0.3500 72.00004 0.127009
0.5000 0.5000 0.3500 80.00005 0.151481
0.5000 0.5000 0.3500 88.00005 0.18289
0.5000 0.5000 0.3500 96.00006 0.194609
0.5000 0.5000 0.3500 104.00006 0.195267
0.5000 0.5000 0.3500 112.00007 0.204305
0.5000 0.5000 0.3500 120.00007 0.240876
0.5000 0.5000 0.3500 128.00008 0.285033
0.5000 0.5000 0.3500 136.00008 0.349422
0.5000 0.5000 0.3500 144.00009 0.422819
0.5000 0.5000 0.3500 152.00009 0.53937
0.5000 0.5000 0.3500 160.00010 0.583454
0.5000 0.5000 0.3500 168.00010 0.527622
0.5000 0.5000 0.3500 176.00011 0.564012
0.5000 0.5000 0.3500 184.00011 0.641246
0.5000 0.5000 0.3500 192.00012 0.746402
0.5000 0.5000 0.3500 200.00012 0.876754
0.5000 0.5000 0.3500 208.00013 1.02427
0.5000 0.5000 0.3500 216.00013 1.24804
0.5000 0.5000 0.3500 224.00014 1.44589
0.5000 0.5000 0.3500 232.00014 1.50991
0.5000 0.5000 0.3500 240.00015 1.6562
0.5000 0.5000 0.3500 248.00015 1.99928
0.5000 0.5000 0.3500 256.00016 2.26712
0.5000 0.5000 0.3500 264.00016 2.8223
0.5000 0.5000 0.3500 272.00017 3.91586
0.5000 0.5000 0.3500 280.00017 5.30396
0.5000 0.5000 0.3500 288.00017 6.96834
0.5000 0.5000 0.3500 296.00018 7.00147
0.5000 0.5000 0.3500 304.00018 6.15758
0.5000 0.5000 0.3500 312.00019 6.52152
0.5000 0.5000 0.3500 320.00019 8.05909
0.5000 0.5000 0.3500 328.00020 8.64452
0.5000 0.5000 0.3500 336.00020 7.79327
0.5000 0.5000 0.3500 344.00021 6.59715
0.5000 0.5000 0.3500 352.00021 6.55946
0.5000 0.5000 0.3500 360.00022 6.10156
0.5000 0.5000 0.3500 368.00022 5.03596
0.5000 0.5000 0.3500 376.00023 4.75277
0.5000 0.5000 0.3500 384.00023 4.87286
0.5000 0.5000 0.3500 392.00024 4.65347
0.5000 0.5000 0.3500 400.00024 4.16753
0.5000 0.5000 0.3500 408.00025 3.65637
0.5000 0.5000 0.3500 416.00025 3.34725
0.5000 0.5000 0.3500 424.00026 2.55054
0.5000 0.5000 0.3500 432.00026 2.1102
0.5000 0.5000 0.3500 440.00027 2.02995
0.5000 0.5000 0.3500 448.00027 2.10424
0.5000 0.5000 0.3500 456.00028 2.03653
0.5000 0.5000 0.3500 464.00028 1.7034
0.5000 0.5000 0.3500 472.00029 1.34391
0.5000 0.5000 0.3500 480.00029 1.17024
0.5000 0.5000 0.3500 488.00030 1.087
0.5000 0.5000 0.3500 496.00030 1.10819
0.5000 0.5000 0.3500 504.00031 1.15298
0.5000 0.5000 0.3500 512.00031 1.17274
0.5000 0.5000 0.3500 520.00032 1.10886
0.5000 0.5000 0.3500 528.00032 1.03342
0.5000 0.5000 0.3500 536.00033 0.9656
0.5000 0.5000 0.3500 544.00033 0.898087
0.5000 0.5000 0.3500 552.00034 0.908189
0.5000 0.5000 0.3500 560.00034 0.918269
0.5000 0.5000 0.3500 568.00035 0.852988
0.5000 0.5000 0.3500 576.00035 0.756873
0.5000 0.5000 0.3500 584.00035 0.729461
0.5000 0.5000 0.3500 592.00036 0.725041
0.5000 0.5000 0.3500 600.00036 0.717957
0.5000 0.5000 0.3500 608.00037 0.718843
0.5000 0.5000 0.3500 616.00037 0.683724
0.5000 0.5000 0.3500 624.00038 0.624416
0.5000 0.5000 0.3500 632.00038 0.580075
0.5000 0.5000 0.3500 640.00039 0.531822
0.5000 0.5000 0.3500 648.00039 0.507467
0.5000 0.5000 0.3500 656.00040 0.488967
0.5000 0.5000 0.3500 664.00040 0.456914
0.5000 0.5000 0.3500 672.00041 0.434912
0.5000 0.5000 0.3500 680.00041 0.434027
0.5000 0.5000 0.3500 688.00042 0.429798
0.5000 0.5000 0.3500 696.00042 0.416662
0.5000 0.5000 0.3500 704.00043 0.402354
0.5000 0.5000 0.3500 712.00043 0.36195
0.5000 0.5000 0.3500 720.00044 0.349729
0.5000 0.5000 0.3500 728.00044 0.362187
0.5000 0.5000 0.3500 736.00045 0.369558
0.5000 0.5000 0.3500 744.00045 0.399713
0.5000 0.5000 0.3500 752.00046 0.402512
0.5000 0.5000 0.3500 760.00046 0.384303
0.5000 0.5000 0.3500 768.00047 0.359179
0.5000 0.5000 0.3500 776.00047 0.357224
0.5000 0.5000 0.3500 784.00048 0.372783
0.5000 0.5000 0.3500 792.00048 0.376072
0.5000 0.5000 0.3500 800.00049 0.367571

0.5000 0.5000 0.3250 8.00000 0.0057448
0.5000 0.5000 0.3250 16.00001 0.0256172
0.5000 0.5000 0.3250 24.00001 0.0473746
0.5000 0.5000 0.3250 32.00002 0.055187
0.5000 0.5000 0.3250 40.00002 0.0760464
0.5000 0.5000 0.3250 48.00003 0.0724497
0.5000 0.5000 0.3250 56.00003 0.0813939
0.5000 0.5000 0.3250 64.00004 0.115115
0.5000 0.5000 0.3250 72.00004 0.143285
0.5000 0.5000 0.3250 80.00005 0.185563
0.5000 0.5000 0.3250 88.00005 0.232163
0.5000 0.5000 0.3250 96.00006 0.275383
0.5000 0.5000 0.3250 104.00006 0.289598
0.5000 0.5000 0.3250 112.00007 0.310826
0.5000 0.5000 0.3250 120.00007 0.305002
0.5000 0.5000 0.3250 128.00008 0.331875
0.5000 0.5000 0.3250 136.00008 0.400423
0.5000 0.5000 0.3250 144.00009 0.496014
0.5000 0.5000 0.3250 152.00009 0.628972
0.5000 0.5000 0.3250 160.00010 0.749555
0.5000 0.5000 0.3250 168.00010 0.828575
0.5000 0.5000 0.3250 176.00011 0.864819
0.5000 0.5000 0.3250 184.00011 0.895576
0.5000 0.5000 0.3250 192.00012 1.06578
0.5000 0.5000 0.3250 200.00012 1.29447
0.5000 0.5000 0.3250 208.00013 1.34855
0.5000 0.5000 0.3250 216.00013 1.33044
0.5000 0.5000 0.3250 224.00014 1.51831
0.5000 0.5000 0.3250 232.00014 1.85912
0.5000 0.5000 0.3250 240.00015 2.01819
0.5000 0.5000 0.3250 248.00015 2.13433
0.5000 0.5000 0.3250 256.00016 2.80701
0.5000 0.5000 0.3250 264.00016 3.64732
0.5000 0.5000 0.3250 272.00017 4.37912
0.5000 0.5000 0.3250 280.00017 4.85557
0.5000 0.5000 0.3250 288.00017 5.24361
0.5000 0.5000 0.3250 296.00018 6.86383
0.5000 0.5000 0.3250 304.00018 9.14353
0.5000 0.5000 0.3250 312.00019 8.09332
0.5000 0.5000 0.3250 320.00019 7.77941
0.5000 0.5000 0.3250 328.00020 7.94434
0.5000 0.5000 0.3250 336.00020 7.36197
0.5000 0.5000 0.3250 344.00021 6.38248
0.5000 0.5000 0.3250 352.00021 6.22541
0.5000 0.5000 0.3250 360.00022 5.91486
0.5000 0.5000 0.3250 368.00022 5.51014
0.5000 0.5000 0.3250 376.00023 5.06024
0.5000 0.5000 0.3250 384.00023 4.63552
0.5000 0.5000 0.3250 392.00024 3.93805
0.5000 0.5000 0.3250 400.00024 3.44763
0.5000 0.5000 0.3250 408.00025 2.96496
0.5000 0.5000 0.3250 416.00025 2.48263
0.5000 0.5000 0.3250 424.00026 2.27127
0.5000 0.5000 0.3250 432.00026 2.10095
0.5000 0.5000 0.3250 440.00027 2.02753
0.5000 0.5000 0.3250 448.00027 1.83463
0.5000 0.5000 0.3250 456.00028 1.79868
0.5000 0.5000 0.3250 464.00028 1.69438
0.5000 0.5000 0.3250 472.00029 1.41177
0.5000 0.5000 0.3250 480.00029 1.22021
0.5000 0.5000 0.3250 488.00030 1.12213
0.5000 0.5000 0.3250 496.00030 1.11344
0.5000 0.5000 0.3250 504.00031 1.14747
0.5000 0.5000 0.3250 512.00031 1.1697
0.5000 0.5000 0.3250 520.00032 1.08633
0.5000 0.5000 0.3250 528.00032 0.944454
0.5000 0.5000 0.3250 536.00033 0.913391
0.5000 0.5000 0.3250 544.00033 0.893756
0.5000 0.5000 0.3250 552.00034 0.818155
0.5000 0.5000 0.3250 560.00034 0.786014
0.5000 0.5000 0.3250 568.00035 0.753667
0.5000 0.5000 0.3250 576.00035 0.754023
0.5000 0.5000 0.3250 584.00035 0.733227
0.5000 0.5000 0.3250 592.00036 0.741524
0.5000 0.5000 0.3250 600.00036 0.78988
0.5000 0.5000 0.3250 608.00037 0.804444
0.5000 0.5000 0.3250 616.00037 0.75621
0.5000 0.5000 0.3250 624.00038 0.723297
0.5000 0.5000 0.3250 632.00038 0.666323
0.5000 0.5000 0.3250 640.00039 0.599771
0.5000 0.5000 0.3250 648.00039 0.540599
0.5000 0.5000 0.3250 656.00040 0.515497
0.5000 0.5000 0.3250 664.00040 0.502091
0.5000 0.5000 0.3250 672.00041 0.494902
0.5000 0.5000 0.3250 680.00041 0.489295
0.5000 0.5000 0.3250 688.00042 0.473257
0.5000 0.5000 0.3250 696.00042 0.451696
0.5000 0.5000 0.3250 704.00043 0.418949
0.5000 0.5000 0.3250 712.00043 0.401811
0.5000 0.5000 0.3250 720.00044 0.38121
0.5000 0.5000 0.3250 728.00044 0.368837
0.5000 0.5000 0.3250 736.00045 0.368758
0.5000 0.5000 0.3250 744.00045 0.381847
0.5000 0.5000 0.3250 752.00046 0.397198
0.5000 0.5000 0.3250 760.00046 0.406722
0.5000 0.5000 0.3250 768.00047 0.424875
0.5000 0.5000 0.3250 776.00047 0.416936
0.5000 0.5000 0.3250 784.00048 0.387722
0.5000 0.5000 0.3250 792.00048 0.355944
0.5000 0.5000 0.3250 800.00049 0.345638

0.5000 0.5000 0.3000 8.00000 0.0382517
0.5000 0.5000 0.3000 16.00001 0.0143205
0.5000 0.5000 0.3000 24.00001 0.0392855
0.5000 0.5000 0.3000 32.00002 0.068439
0.5000 0.5000 0.3000 40.00002 0.104461
0.5000 0.5000 0.3000 48.00003 0.113348
0.5000 0.5000 0.3000 56.00003 0.114908
0.5000 0.5000 0.3000 64.00004 0.114022
0.5000 0.5000 0.3000 72.00004 0.150486
0.5000 0.5000 0.3000 80.00005 0.18194
0.5000 0.5000 0.3000 88.00005 0.210828
0.5000 0.5000 0.3000 96.00006 0.26737
0.5000 0.5000 0.3000 104.00006 0.315159
0.5000 0.5000 0.3000 112.00007 0.352306
0.5000 0.5000 0.3000 120.00007 0.4148
0.5000 0.5000 0.3000 128.00008 0.47595
0.5000 0.5000 0.3000 136.00008 0.477432
0.5000 0.5000 0.3000 144.00009 0.501082
0.5000 0.5000 0.3000 152.00009 0.580974
0.5000 0.5000 0.3000 160.00010 0.680914
0.5000 0.5000 0.3000 168.00010 0.849257
0.5000 0.5000 0.3000 176.00011 1.05269
0.5000 0.5000 0.3000 184.00011 1.28416
0.5000 0.5000 0.3000 192.00012 1.37947
0.5000 0.5000 0.3000 200.00012 1.30677
0.5000 0.5000 0.3000 208.00013 1.37108
0.5000 0.5000 0.3000 216.00013 1.58231
0.5000 0.5000 0.3000 224.00014 1.92406
0.5000 0.5000 0.3000 232.00014 2.36556
0.5000 0.5000 0.3000 240.00015 2.60488
0.5000 0.5000 0.3000 248.00015 3.07713
0.5000 0.5000 0.3000 256.00016 4.60702
0.5000 0.5000 0.3000 264.00016 6.10511
0.5000 0.5000 0.3000 272.00017 6.41397
0.5000 0.5000 0.3000 280.00017 6.69185
0.5000 0.5000 0.3000 288.00017 5.94619
0.5000 0.5000 0.3000 296.00018 5.73908
0.5000 0.5000 0.3000 304.00018 6.26464
0.5000 0.5000 0.3000 312.00019 7.10576
0.5000 0.5000 0.3000 320.00019 7.13233
0.5000 0.5000 0.3000 328.00020 6.86082
0.5000 0.5000 0.3000 336.00020 6.28719
0.5000 0.5000 0.3000 344.00021 6.52802
0.5000 0.5000 0.3000 352.00021 6.86504
0.5000 0.5000 0.3000 360.00022 5.76178
0.5000 0.5000 0.3000 368.00022 4.87566
0.5000 0.5000 0.3000 376.00023 4.63714
0.5000 0.5000 0.3000 384.00023 3.88226
0.5000 0.5000 0.3000 392.00024 3.06932
0.5000 0.5000 0.3000 400.00024 2.80599
0.5000 0.5000 0.3000 408.00025 2.76212
0.5000 0.5000 0.3000 416.00025 2.68233
0.5000 0.5000 0.3000 424.00026 2.55943
0.5000 0.5000 0.3000 432.00026 2.50453
0.5000 0.5000 0.3000 440.00027 2.12049
0.5000 0.5000 0.3000 448.00027 1.97304
0.5000 0.5000 0.3000 456.00028 1.74985
0.5000 0.5000 0.3000 464.00028 1.66929
0.5000 0.5000 0.3000 472.00029 1.54062
0.5000 0.5000 0.3000 480.00029 1.29861
0.5000 0.5000 0.3000 488.00030 1.19674
0.5000 0.5000 0.3000 496.00030 1.15946
0.5000 0.5000 0.3000 504.00031 1.14772
0.5000 0.5000 0.3000 512.00031 1.13085
0.5000 0.5000 0.3000 520.00032 1.06375
0.5000 0.5000 0.3000 528.00032 0.918864
0.5000 0.5000 0.3000 536.00033 0.869043
0.5000 0.5000 0.3000 544.00033 0.88882
0.5000 0.5000 0.3000 552.00034 0.847284
0.5000 0.5000 0.3000 560.00034 0.786919
0.5000 0.5000 0.3000 568.00035 0.702066
0.5000 0.5000 0.3000 576.00035 0.628424
0.5000 0.5000 0.3000 584.00035 0.63336
0.5000 0.5000 0.3000 592.00036 0.68722
0.5000 0.5000 0.3000 600.00036 0.657174
0.5000 0.5000 0.3000 608.00037 0.646501
0.5000 0.5000 0.3000 616.00037 0.592177
0.5000 0.5000 0.3000 624.00038 0.572854
0.5000 0.5000 0.3000 632.00038 0.608803
0.5000 0.5000 0.3000 640.00039 0.670902
0.5000 0.5000 0.3000 648.00039 0.680564
0.5000 0.5000 0.3000 656.00040 0.656686
0.5000 0.5000 0.3000 664.00040 0.637626
0.5000 0.5000 0.3000 672.00041 0.558299
0.5000 0.5000 0.3000 680.00041 0.491824
0.5000 0.5000 0.3000 688.00042 0.455111
0.5000 0.5000 0.3000 696.00042 0.434316
0.5000 0.5000 0.3000 704.00043 0.431803
0.5000 0.5000 0.3000 712.00043 0.441947
0.5000 0.5000 0.3000 720.00044 0.438972
0.5000 0.5000 0.3000 728.00044 0.435499
0.5000 0.5000 0.3000 736.00045 0.437031
0.5000 0.5000 0.3000 744.00045 0.424586
0.5000 0.5000 0.3000 752.00046 0.408402
0.5000 0.5000 0.3000 760.00046 0.40854
0.5000 0.5000 0.3000 768.00047 0.414348
0.5000 0.5000 0.3000 776.00047 0.400793
0.5000 0.5000 0.3000 784.00048 0.365268
0.5000 0.5000 0.3000 792.00048 0.338912
0.5000 0.5000 0.3000 800.00049 0.345826

0.5000 0.5000 0.2750 8.00000 0.0111462
0.5000 0.5000 0.2750 16.00001 0.0313289
0.5000 0.5000 0.2750 24.00001 0.0580202
0.5000 0.5000 0.2750 32.00002 0.0597142
0.5000 0.5000 0.2750 40.00002 0.0853223
0.5000 0.5000 0.2750 48.00003 0.141185
0.5000 0.5000 0.2750 56.00003 0.15675
0.5000 0.5000 0.2750 64.00004 0.190004
0.5000 0.5000 0.2750 72.00004 0.213707
0.5000 0.5000 0.2750 80.00005 0.226893
0.5000 0.5000 0.2750 88.00005 0.280942
0.5000 0.5000 0.2750 96.00006 0.348202
0.5000 0.5000 0.2750 104.00006 0.417319
0.5000 0.5000 0.2750 112.00007 0.449516
0.5000 0.5000 0.2750 120.00007 0.457378
0.5000 0.5000 0.2750 128.00008 0.52938
0.5000 0.5000 0.2750 136.00008 0.667982
0.5000 0.5000 0.2750 144.00009 0.750746
0.5000 0.5000 0.2750 152.00009 0.720484
0.5000 0.5000 0.2750 160.00010 0.772401
0.5000 0.5000 0.2750 168.00010 0.816966
0.5000 0.5000 0.2750 176.00011 0.877313
0.5000 0.5000 0.2750 184.00011 1.08606
0.5000 0.5000 0.2750 192.00012 1.27131
0.5000 0.5000 0.2750 200.00012 1.41879
0.5000 0.5000 0.2750 208.00013 1.49862
0.5000 0.5000 0.2750 216.00013 1.75659
0.5000 0.5000 0.2750 224.00014 2.08691
0.5000 0.5000 0.2750 232.00014 2.60654
0.5000 0.5000 0.2750 240.00015 3.2501
0.5000 0.5000 0.2750 248.00015 3.55694
0.5000 0.5000 0.2750 256.00016 4.68685
0.5000 0.5000 0.2750 264.00016 5.37127
0.5000 0.5000 0.2750 272.00017 5.29039
0.5000 0.5000 0.2750 280.00017 5.45127
0.5000 0.5000 0.2750 288.00017 6.50941
0.5000 0.5000 0.2750 296.00018 7.80706
0.5000 0.5000 0.2750 304.00018 8.58701
0.5000 0.5000 0.2750 312.00019 8.80383
0.5000 0.5000 0.2750 320.00019 8.17737
0.5000 0.5000 0.2750 328.00020 8.06532
0.5000 0.5000 0.2750 336.00020 8.07507
0.5000 0.5000 0.2750 344.00021 6.25903
0.5000 0.5000 0.2750 352.00021 4.66858
0.5000 0.5000 0.2750 360.00022 4.24251
0.5000 0.5000 0.2750 368.00022 4.16338
0.5000 0.5000 0.2750 376.00023 3.45664
0.5000 0.5000 0.2750 384.00023 2.87278
0.5000 0.5000 0.2750 392.00024 2.55818
0.5000 0.5000 0.2750 400.00024 2.51904
0.5000 0.5000 0.2750 408.00025 2.68946
0.5000 0.5000 0.2750 416.00025 2.55218
0.5000 0.5000 0.2750 424.00026 2.38595
0.5000 0.5000 0.2750 432.00026 2.41996
0.5000 0.5000 0.2750 440.00027 2.37383
0.5000 0.5000 0.2750 448.00027 2.04152
0.5000 0.5000 0.2750 456.00028 1.62444
0.5000 0.5000 0.2750 464.00028 1.40469
0.5000 0.5000 0.2750 472.00029 1.16334
0.5000 0.5000 0.2750 480.00029 1.01364
0.5000 0.5000 0.2750 488.00030 1.01331
0.5000 0.5000 0.2750 496.00030 1.06165
0.5000 0.5000 0.2750 504.00031 1.03701
0.5000 0.5000 0.2750 512.00031 0.982466
0.5000 0.5000 0.2750 520.00032 1.07943
0.5000 0.5000 0.2750 528.00032 1.13911
0.5000 0.5000 0.2750 536.00033 1.10872
0.5000 0.5000 0.2750 544.00033 1.09829
0.5000 0.5000 0.2750 552.00034 1.00572
0.5000 0.5000 0.2750 560.00034 0.932518
0.5000 0.5000 0.2750 568.00035 0.830695
0.5000 0.5000 0.2750 576.00035 0.768395
0.5000 0.5000 0.2750 584.00035 0.684451
0.5000 0.5000 0.2750 592.00036 0.617356
0.5000 0.5000 0.2750 600.00036 0.588814
0.5000 0.5000 0.2750 608.00037 0.565568
0.5000 0.5000 0.2750 616.00037 0.566625
0.5000 0.5000 0.2750 624.00038 0.556595
0.5000 0.5000 0.2750 632.00038 0.561042
0.5000 0.5000 0.2750 640.00039 0.553221
0.5000 0.5000 0.2750 648.00039 0.531099
0.5000 0.5000 0.2750 656.00040 0.560768
0.5000 0.5000 0.2750 664.00040 0.541168
0.5000 0.5000 0.2750 672.00041 0.537598
0.5000 0.5000 0.2750 680.00041 0.563821
0.5000 0.5000 0.2750 688.00042 0.520917
0.5000 0.5000 0.2750 696.00042 0.469805
0.5000 0.5000 0.2750 704.00043 0.456574
0.5000 0.5000 0.2750 712.00043 0.449711
0.5000 0.5000 0.2750 720.00044 0.44174
0.5000 0.5000 0.2750 728.00044 0.42095
0.5000 0.5000 0.2750 736.00045 0.394634
0.5000 0.5000 0.2750 744.00045 0.395879
0.5000 0.5000 0.2750 752.00046 0.397264
0.5000 0.5000 0.2750 760.00046 0.406811
0.5000 0.5000 0.2750 768.00047 0.421881
0.5000 0.5000 0.2750 776.00047 0.421208
0.5000 0.5000 0.2750 784.00048 0.420901
0.5000 0.5000 0.2750 792.00048 0.429546
0.5000 0.5000 0.2750 800.00049 0.436245

0.5000 0.5000 0.2500 8.00000 0.0689006
0.5000 0.5000 0.2500 16.00001 0.0494957
0.5000 0.5000 0.2500 24.00001 0.0583225
0.5000 0.5000 0.2500 32.00002 0.113426
0.5000 0.5000 0.2500 40.00002 0.147317
0.5000 0.5000 0.2500 48.00003 0.171722
0.5000 0.5000 0.2500 56.00003 0.180397
0.5000 0.5000 0.2500 64.00004 0.222473
0.5000 0.5000 0.2500 72.00004 0.266139
0.5000 0.5000 0.2500 80.00005 0.278943
0.5000 0.5000 0.2500 88.00005 0.286478
0.5000 0.5000 0.2500 96.00006 0.278376
0.5000 0.5000 0.2500 104.00006 0.325342
0.5000 0.5000 0.2500 112.00007 0.40741
0.5000 0.5000 0.2500 120.00007 0.438579
0.5000 0.5000 0.2500 128.00008 0.491562
0.5000 0.5000 0.2500 136.00008 0.571224
0.5000 0.5000 0.2500 144.00009 0.681704
0.5000 0.5000 0.2500 152.00009 0.852563
0.5000 0.5000 0.2500 160.00010 0.906548
0.5000 0.5000 0.2500 168.00010 1.06844
0.5000 0.5000 0.2500 176.00011 1.31101
0.5000 0.5000 0.2500 184.00011 1.5462
0.5000 0.5000 0.2500 192.00012 1.75873
0.5000 0.5000 0.2500 200.00012 2.09407
0.5000 0.5000 0.2500 208.00013 2.58731
0.5000 0.5000 0.2500 216.00013 2.93339
0.5000 0.5000 0.2500 224.00014 2.80064
0.5000 0.5000 0.2500 232.00014 2.58797
0.5000 0.5000 0.2500 240.00015 2.94597
0.5000 0.5000 0.2500 248.00015 3.53404
0.5000 0.5000 0.2500 256.00016 3.90027
0.5000 0.5000 0.2500 264.00016 4.63461
0.5000 0.5000 0.2500 272.00017 5.92824
0.5000 0.5000 0.2500 280.00017 7.36739
0.5000 0.5000 0.2500 288.00017 7.29922
0.5000 0.5000 0.2500 296.00018 6.98027
0.5000 0.5000 0.2500 304.00018 7.95517
0.5000 0.5000 0.2500 312.00019 7.85905
0.5000 0.5000 0.2500 320.00019 6.68567
0.5000 0.5000 0.2500 328.00020 6.00655
0.5000 0.5000 0.2500 336.00020 5.67302
0.5000 0.5000 0.2500 344.00021 5.72463
0.5000 0.5000 0.2500 352.00021 5.67934
0.5000 0.5000 0.2500 360.00022 5.53468
0.5000 0.5000 0.2500 368.00022 5.24729
0.5000 0.5000 0.2500 376.00023 4.81949
0.5000 0.5000 0.2500 384.00023 3.64315
0.5000 0.5000 0.2500 392.00024 2.97331
0.5000 0.5000 0.2500 400.00024 2.71292
0.5000 0.5000 0.2500 408.00025 2.68598
0.5000 0.5000 0.2500 416.00025 2.76651
0.5000 0.5000 0.2500 424.00026 2.54486
0.5000 0.5000 0.2500 432.00026 2.24663
0.5000 0.5000 0.2500 440.00027 1.82022
0.5000 0.5000 0.2500 448.00027 1.58308
0.5000 0.5000 0.2500 456.00028 1.42871
0.5000 0.5000 0.2500 464.00028 1.35237
0.5000 0.5000 0.2500 472.00029 1.16284
0.5000 0.5000 0.2500 480.00029 1.02857
0.5000 0.5000 0.2500 488.00030 0.99551
0.5000 0.5000 0.2500 496.00030 0.970665
0.5000 0.5000 0.2500 504.00031 0.949565
0.5000 0.5000 0.2500 512.00031 0.880452
0.5000 0.5000 0.2500 520.00032 0.830667
0.5000 0.5000 0.2500 528.00032 0.795821
0.5000 0.5000 0.2500 536.00033 0.748039
0.5000 0.5000 0.2500 544.00033 0.756895
0.5000 0.5000 0.2500 552.00034 0.837218
0.5000 0.5000 0.2500 560.00034 0.911497
0.5000 0.5000 0.2500 568.00035 0.829025
0.5000 0.5000 0.2500 576.00035 0.703688
0.5000 0.5000 0.2500 584.00035 0.648296
0.5000 0.5000 0.2500 592.00036 0.649274
0.5000 0.5000 0.2500 600.00036 0.669011
0.5000 0.5000 0.2500 608.00037 0.698935
0.5000 0.5000 0.2500 616.00037 0.68258
0.5000 0.5000 0.2500 624.00038 0.637505
0.5000 0.5000 0.2500 632.00038 0.63013
0.5000 0.5000 0.2500 640.00039 0.639363
0.5000 0.5000 0.2500 648.00039 0.581786
0.5000 0.5000 0.2500 656.00040 0.567508
0.5000 0.5000 0.2500 664.00040 0.540491
0.5000 0.5000 0.2500 672.00041 0.53631
0.5000 0.5000 0.2500 680.00041 0.529645
0.5000 0.5000 0.2500 688.00042 0.47975
0.5000 0.5000 0.2500 696.00042 0.464394
0.5000 0.5000 0.2500 704.00043 0.483766
0.5000 0.5000 0.2500 712.00043 0.475488
0.5000 0.5000 0.2500 720.00044 0.478468
0.5000 0.5000 0.2500 728.00044 0.523522
0.5000 0.5000 0.2500 736.00045 0.548528
0.5000 0.5000 0.2500 744.00045 0.507247
0.5000 0.5000 0.2500 752.00046 0.469701
0.5000 0.5000 0.2500 760.00046 0.465068
0.5000 0.5000 0.2500 768.00047 0.45274
0.5000 0.5000 0.2500 776.00047 0.43343
0.5000 0.5000 0.2500 784.00048 0.391223
0.5000 0.5000 0.2500 792.00048 0.364575
0.5000 0.5000 0.2500 800.00049 0.377936

0.5000 0.5000 0.2250 8.00000 0.0151573
0.5000 0.5000 0.2250 16.00001 0.0403139
0.5000 0.5000 0.2250 24.00001 0.0770592
0.5000 0.5000 0.2250 32.00002 0.0937126
0.5000 0.5000 0.2250 40.00002 0.187927
0.5000 0.5000 0.2250 48.00003 0.264868
0.5000 0.5000 0.2250 56.00003 0.394127
0.5000 0.5000 0.2250 64.00004 0.51109
0.5000 0.5000 0.2250 72.00004 0.607796
0.5000 0.5000 0.2250 80.00005 0.815844
0.5000 0.5000 0.2250 88.00005 0.822302
0.5000 0.5000 0.2250 96.00006 0.832385
0.5000 0.5000 0.2250 104.00006 0.855659
0.5000 0.5000 0.2250 112.00007 0.92631
0.5000 0.5000 0.2250 120.00007 0.931001
0.5000 0.5000 0.2250 128.00008 0.914378
0.5000 0.5000 0.2250 136.00008 1.02876
0.5000 0.5000 0.2250 144.00009 1.00626
0.5000 0.5000 0.2250 152.00009 1.00114
0.5000 0.5000 0.2250 160.00010 1.02496
0.5000 0.5000 0.2250 168.00010 0.966253
0.5000 0.5000 0.2250 176.00011 0.95035
0.5000 0.5000 0.2250 184.00011 1.11839
0.5000 0.5000 0.2250 192.00012 1.36817
0.5000 0.5000 0.2250 200.00012 1.639
0.5000 0.5000 0.2250 208.00013 2.02791
0.5000 0.5000 0.2250 216.00013 2.27462
0.5000 0.5000 0.2250 224.00014 2.60322
0.5000 0.5000 0.2250 232.00014 3.4105
0.5000 0.5000 0.2250 240.00015 3.93166
0.5000 0.5000 0.2250 248.00015 4.12888
0.5000 0.5000 0.2250 256.00016 4.31601
0.5000 0.5000 0.2250 264.00016 4.92344
0.5000 0.5000 0.2250 272.00017 5.28478
0.5000 0.5000 0.2250 280.00017 5.36096
0.5000 0.5000 0.2250 288.00017 5.97919
0.5000 0.5000 0.2250 296.00018 7.22958
0.5000 0.5000 0.2250 304.00018 8.9873
0.5000 0.5000 0.2250 312.00019 8.86526
0.5000 0.5000 0.2250 320.00019 7.18749
0.5000 0.5000 0.2250 328.00020 6.2803
0.5000 0.5000 0.2250 336.00020 6.52095
0.5000 0.5000 0.2250 344.00021 5.85754
0.5000 0.5000 0.2250 352.00021 4.85817
0.5000 0.5000 0.2250 360.00022 4.30304
0.5000 0.5000 0.2250 368.00022 3.78966
0.5000 0.5000 0.2250 376.00023 3.70315
0.5000 0.5000 0.2250 384.00023 3.83365
0.5000 0.5000 0.2250 392.00024 3.26088
0.5000 0.5000 0.2250 400.00024 2.60779
0.5000 0.5000 0.2250 408.00025 2.51414
0.5000 0.5000 0.2250 416.00025 2.32886
0.5000 0.5000 0.2250 424.00026 2.20216
0.5000 0.5000 0.2250 432.00026 2.15871
0.5000 0.5000 0.2250 440.00027 2.00347
0.5000 0.5000 0.2250 448.00027 1.72062
0.5000 0.5000 0.2250 456.00028 1.49441
0.5000 0.5000 0.2250 464.00028 1.42943
0.5000 0.5000 0.2250 472.00029 1.3941
0.5000 0.5000 0.2250 480.00029 1.3306
0.5000 0.5000 0.2250 488.00030 1.28426
0.5000 0.5000 0.2250 496.00030 1.14617
0.5000 0.5000 0.2250 504.00031 1.08574
0.5000 0.5000 0.2250 512.00031 1.0193
0.5000 0.5000 0.2250 520.00032 0.983618
0.5000 0.5000 0.2250 528.00032 0.949944
0.5000 0.5000 0.2250 536.00033 0.994296
0.5000 0.5000 0.2250 544.00033 0.944035
0.5000 0.5000 0.2250 552.00034 0.879483
0.5000 0.5000 0.2250 560.00034 0.809633
0.5000 0.5000 0.2250 568.00035 0.752825
0.5000 0.5000 0.2250 576.00035 0.705183
0.5000 0.5000 0.2250 584.00035 0.642663
0.5000 0.5000 0.2250 592.00036 0.614282
0.5000 0.5000 0.2250 600.00036 0.607281
0.5000 0.5000 0.2250 608.00037 0.588119
0.5000 0.5000 0.2250 616.00037 0.592384
0.5000 0.5000 0.2250 624.00038 0.616047
0.5000 0.5000 0.2250 632.00038 0.609962
0.5000 0.5000 0.2250 640.00039 0.582149
0.5000 0.5000 0.2250 648.00039 0.557307
0.5000 0.5000 0.2250 656.00040 0.554357
0.5000 0.5000 0.2250 664.00040 0.553455
0.5000 0.5000 0.2250 672.00041 0.523557
0.5000 0.5000 0.2250 680.00041 0.502764
0.5000 0.5000 0.2250 688.00042 0.479441
0.5000 0.5000 0.2250 696.00042 0.441958
0.5000 0.5000 0.2250 704.00043 0.43585
0.5000 0.5000 0.2250 712.00043 0.464523
0.5000 0.5000 0.2250 720.00044 0.440363
0.5000 0.5000 0.2250 728.00044 0.403077
0.5000 0.5000 0.2250 736.00045 0.404848
0.5000 0.5000 0.2250 744.00045 0.418528
0.5000 0.5000 0.2250 752.00046 0.451671
0.5000 0.5000 0.2250 760.00046 0.453345
0.5000 0.5000 0.2250 768.00047 0.432344
0.5000 0.5000 0.2250 776.00047 0.415235
0.5000 0.5000 0.2250 784.00048 0.424448
0.5000 0.5000 0.2250 792.00048 0.42936
0.5000 0.5000 0.2250 800.00049 0.421784

0.5000 0.5000 0.2000 8.00000 0.0228446
0.5000 0.5000 0.2000 16.00001 0.0358025
0.5000 0.5000 0.2000 24.00001 0.0564866
0.5000 0.5000 0.2000 32.00002 0.0801827
0.5000 0.5000 0.2000 40.00002 0.0888768
0.5000 0.5000 0.2000 48.00003 0.122812
0.5000 0.5000 0.2000 56.00003 0.141306
0.5000 0.5000 0.2000 64.00004 0.207927
0.5000 0.5000 0.2000 72.00004 0.326547
0.5000 0.5000 0.2000 80.00005 0.430022
0.5000 0.5000 0.2000 88.00005 0.456141
0.5000 0.5000 0.2000 96.00006 0.515558
0.5000 0.5000 0.2000 104.00006 0.617609
0.5000 0.5000 0.2000 112.00007 0.687178
0.5000 0.5000 0.2000 120.00007 0.74959
0.5000 0.5000 0.2000 128.00008 0.915856
0.5000 0.5000 0.2000 136.00008 1.17183
0.5000 0.5000 0.2000 144.00009 1.54046
0.5000 0.5000 0.2000 152.00009 1.83621
0.5000 0.5000 0.2000 160.00010 2.02448
0.5000 0.5000 0.2000 168.00010 2.22297
0.5000 0.5000 0.2000 176.00011 2.64354
0.5000 0.5000 0.2000 184.00011 3.17057
0.5000 0.5000 0.2000 192.00012 4.16044
0.5000 0.5000 0.2000 200.00012 5.22042
0.5000 0.5000 0.2000 208.00013 5.3431
0.5000 0.5000 0.2000 216.00013 4.85466
0.5000 0.5000 0.2000 224.00014 4.36315
0.5000 0.5000 0.2000 232.00014 4.07702
0.5000 0.5000 0.2000 240.00015 3.69766
0.5000 0.5000 0.2000 248.00015 3.35865
0.5000 0.5000 0.2000 256.00016 3.31026
0.5000 0.5000 0.2000 264.00016 3.59889
0.5000 0.5000 0.2000 272.00017 4.34848
0.5000 0.5000 0.2000 280.00017 4.51106
0.5000 0.5000 0.2000 288.00017 4.3776
0.5000 0.5000 0.2000 296.00018 4.33487
0.5000 0.5000 0.2000 304.00018 4.52283
0.5000 0.5000 0.2000 312.00019 5.09298
0.5000 0.5000 0.2000 320.00019 5.98959
0.5000 0.5000 0.2000 328.00020 6.39395
0.5000 0.5000 0.2000 336.00020 6.13834
0.5000 0.5000 0.2000 344.00021 6.60925
0.5000 0.5000 0.2000 352.00021 5.82395
0.5000 0.5000 0.2000 360.00022 4.88949
0.5000 0.5000 0.2000 368.00022 4.29522
0.5000 0.5000 0.2000 376.00023 3.78043
0.5000 0.5000 0.2000 384.00023 3.31389
0.5000 0.5000 0.2000 392.00024 3.03777
0.5000 0.5000 0.2000 400.00024 2.99172
0.5000 0.5000 0.2000 408.00025 3.04181
0.5000 0.5000 0.2000 416.00025 2.46909
0.5000 0.5000 0.2000 424.00026 1.91735
0.5000 0.5000 0.2000 432.00026 1.67247
0.5000 0.5000 0.2000 440.00027 1.62438
0.5000 0.5000 0.2000 448.00027 1.69704
0.5000 0.5000 0.2000 456.00028 1.71162
0.5000 0.5000 0.2000 464.00028 1.70302
0.5000 0.5000 0.2000 472.00029 1.66458
0.5000 0.5000 0.2000 480.00029 1.55302
0.5000 0.5000 0.2000 488.00030 1.39239
0.5000 0.5000 0.2000 496.00030 1.24308
0.5000 0.5000 0.2000 504.00031 1.20175
0.5000 0.5000 0.2000 512.00031 1.14931
0.5000 0.5000 0.2000 520.00032 1.10425
0.5000 0.5000 0.2000 528.00032 1.01923
0.5000 0.5000 0.2000 536.00033 0.945405
0.5000 0.5000 0.2000 544.00033 0.954425
0.5000 0.5000 0.2000 552.00034 1.04459
0.5000 0.5000 0.2000 560.00034 1.03444
0.5000 0.5000 0.2000 568.00035 0.954672
0.5000 0.5000 0.2000 576.00035 0.892412
0.5000 0.5000 0.2000 584.00035 0.78481
0.5000 0.5000 0.2000 592.00036 0.700752
0.5000 0.5000 0.2000 600.00036 0.701767
0.5000 0.5000 0.2000 608.00037 0.713411
0.5000 0.5000 0.2000 616.00037 0.680141
0.5000 0.5000 0.2000 624.00038 0.648609
0.5000 0.5000 0.2000 632.00038 0.587175
0.5000 0.5000 0.2000 640.00039 0.512568
0.5000 0.5000 0.2000 648.00039 0.49143
0.5000 0.5000 0.2000 656.00040 0.489568
0.5000 0.5000 0.2000 664.00040 0.48396
0.5000 0.5000 0.2000 672.00041 0.50915
0.5000 0.5000 0.2000 680.00041 0.488483
0.5000 0.5000 0.2000 688.00042 0.445186
0.5000 0.5000 0.2000 696.00042 0.439262
0.5000 0.5000 0.2000 704.00043 0.423839
0.5000 0.5000 0.2000 712.00043 0.409565
0.5000 0.5000 0.2000 720.00044 0.417197
0.5000 0.5000 0.2000 728.00044 0.406657
0.5000 0.5000 0.2000 736.00045 0.397798
0.5000 0.5000 0.2000 744.00045 0.388309
0.5000 0.5000 0.2000 752.00046 0.360163
0.5000 0.5000 0.2000 760.00046 0.361237
0.5000 0.5000 0.2000 768.00047 0.367398
0.5000 0.5000 0.2000 776.00047 0.355208
0.5000 0.5000 0.2000 784.00048 0.342166
0.5000 0.5000 0.2000 792.00048 0.353045
0.5000 0.5000 0.2000 800.00049 0.361403

0.5000 0.5000 0.1750 8.00000 0.0131188
0.5000 0.5000 0.1750 16.00001 0.0210264
0.5000 0.5000 0.1750 24.00001 0.0437765
0.5000 0.5000 0.1750 32.00002 0.0570923
0.5000 0.5000 0.1750 40.00002 0.0891439
0.5000 0.5000 0.1750 48.00003 0.124677
0.5000 0.5000 0.1750 56.00003 0.189058
0.5000 0.5000 0.1750 64.00004 0.204271
0.5000 0.5000 0.1750 72.00004 0.231606
0.5000 0.5000 0.1750 80.00005 0.309131
0.5000 0.5000 0.1750 88.00005 0.352085
0.5000 0.5000 0.1750 96.00006 0.419749
0.5000 0.5000 0.1750 104.00006 0.49371
0.5000 0.5000 0.1750 112.00007 0.600577
0.5000 0.5000 0.1750 120.00007 0.721652
0.5000 0.5000 0.1750 128.00008 0.896778
0.5000 0.5000 0.1750 136.00008 1.14011
0.5000 0.5000 0.1750 144.00009 1.41049
0.5000 0.5000 0.1750 152.00009 1.62324
0.5000 0.5000 0.1750 160.00010 1.72271
0.5000 0.5000 0.1750 168.00010 1.86379
0.5000 0.5000 0.1750 176.00011 2.22069
0.5000 0.5000 0.1750 184.00011 2.51563
0.5000 0.5000 0.1750 192.00012 2.75372
0.5000 0.5000 0.1750 200.00012 3.09597
0.5000 0.5000 0.1750 208.00013 3.81349
0.5000 0.5000 0.1750 216.00013 5.34853
0.5000 0.5000 0.1750 224.00014 6.72274
0.5000 0.5000 0.1750 232.00014 7.37543
0.5000 0.5000 0.1750 240.00015 7.32567
0.5000 0.5000 0.1750 248.00015 7.3064
0.5000 0.5000 0.1750 256.00016 7.38551
0.5000 0.5000 0.1750 264.00016 6.67987
0.5000 0.5000 0.1750 272.00017 6.3717
0.5000 0.5000 0.1750 280.00017 6.67872
0.5000 0.5000 0.1750 288.00017 7.21218
0.5000 0.5000 0.1750 296.00018 7.33731
0.5000 0.5000 0.1750 304.00018 6.39689
0.5000 0.5000 0.1750 312.00019 5.1887
0.5000 0.5000 0.1750 320.00019 4.1912
0.5000 0.5000 0.1750 328.00020 3.27127
0.5000 0.5000 0.1750 336.00020 2.58686
0.5000 0.5000 0.1750 344.00021 2.29355
0.5000 0.5000 0.1750 352.00021 2.14172
0.5000 0.5000 0.1750 360.00022 2.03481
0.5000 0.5000 0.1750 368.00022 2.0197
0.5000 0.5000 0.1750 376.00023 2.16935
0.5000 0.5000 0.1750 384.00023 2.07568
0.5000 0.5000 0.1750 392.00024 2.00154
0.5000 0.5000 0.1750 400.00024 2.08564
0.5000 0.5000 0.1750 408.00025 2.23666
0.5000 0.5000 0.1750 416.00025 2.26426
0.5000 0.5000 0.1750 424.00026 2.39167
0.5000 0.5000 0.1750 432.00026 2.57008
0.5000 0.5000 0.1750 440.00027 2.41754
0.5000 0.5000 0.1750 448.00027 2.23567
0.5000 0.5000 0.1750 456.00028 2.22236
0.5000 0.5000 0.1750 464.00028 2.25296
0.5000 0.5000 0.1750 472.00029 2.19635
0.5000 0.5000 0.1750 480.00029 2.10542
0.5000 0.5000 0.1750 488.00030 1.95081
0.5000 0.5000 0.1750 496.00030 1.78725
0.5000 0.5000 0.1750 504.00031 1.62284
0.5000 0.5000 0.1750 512.00031 1.45776
0.5000 0.5000 0.1750 520.00032 1.36723
0.5000 0.5000 0.1750 528.00032 1.18684
0.5000 0.5000 0.1750 536.00033 1.02133
0.5000 0.5000 0.1750 544.00033 0.887354
0.5000 0.5000 0.1750 552.00034 0.763878
0.5000 0.5000 0.1750 560.00034 0.71191
0.5000 0.5000 0.1750 568.00035 0.680047
0.5000 0.5000 0.1750 576.00035 0.724449
0.5000 0.5000 0.1750 584.00035 0.740695
0.5000 0.5000 0.1750 592.00036 0.72871
0.5000 0.5000 0.1750 600.00036 0.687288
0.5000 0.5000 0.1750 608.00037 0.643283
0.5000 0.5000 0.1750 616.00037 0.621493
0.5000 0.5000 0.1750 624.00038 0.578768
0.5000 0.5000 0.1750 632.00038 0.544349
0.5000 0.5000 0.1750 640.00039 0.542204
0.5000 0.5000 0.1750 648.00039 0.530993
0.5000 0.5000 0.1750 656.00040 0.521816
0.5000 0.5000 0.1750 664.00040 0.477938
0.5000 0.5000 0.1750 672.00041 0.458629
0.5000 0.5000 0.1750 680.00041 0.465677
0.5000 0.5000 0.1750 688.00042 0.494675
0.5000 0.5000 0.1750 696.00042 0.509096
0.5000 0.5000 0.1750 704.00043 0.509076
0.5000 0.5000 0.1750 712.00043 0.487874
0.5000 0.5000 0.1750 720.00044 0.46979
0.5000 0.5000 0.1750 728.00044 0.430819
0.5000 0.5000 0.1750 736.00045 0.407836
0.5000 0.5000 0.1750 744.00045 0.396996
0.5000 0.5000 0.1750 752.00046 0.396465
0.5000 0.5000 0.1750 760.00046 0.387141
0.5000 0.5000 0.1750 768.00047 0.373215
0.5000 0.5000 0.1750 776.00047 0.357451
0.5000 0.5000 0.1750 784.00048 0.341226
0.5000 0.5000 0.1750 792.00048 0.316452
0.5000 0.5000 0.1750 800.00049 0.306367

0.5000 0.5000 0.1500 8.00000 0.0090896
0.5000 0.5000 0.1500 16.00001 0.0265277
0.5000 0.5000 0.1500 24.00001 0.0411926
0.5000 0.5000 0.1500 32.00002 0.0556601
0.5000 0.5000 0.1500 40.00002 0.0841873
0.5000 0.5000 0.1500 48.00003 0.10365
0.5000 0.5000 0.1500 56.00003 0.140377
0.5000 0.5000 0.1500 64.00004 0.166295
0.5000 0.5000 0.1500 72.00004 0.171677
0.5000 0.5000 0.1500 80.00005 0.215729
0.5000 0.5000 0.1500 88.00005 0.256081
0.5000 0.5000 0.1500 96.00006 0.290917
0.5000 0.5000 0.1500 104.00006 0.34996
0.5000 0.5000 0.1500 112.00007 0.446208
0.5000 0.5000 0.1500 120.00007 0.559191
0.5000 0.5000 0.1500 128.00008 0.716994
0.5000 0.5000 0.1500 136.00008 0.799537
0.5000 0.5000 0.1500 144.00009 0.817496
0.5000 0.5000 0.1500 152.00009 0.882893
0.5000 0.5000 0.1500 160.00010 1.06499
0.5000 0.5000 0.1500 168.00010 1.39467
0.5000 0.5000 0.1500 176.00011 1.93677
0.5000 0.5000 0.1500 184.00011 2.67394
0.5000 0.5000 0.1500 192.00012 3.64995
0.5000 0.5000 0.1500 200.00012 4.30931
0.5000 0.5000 0.1500 208.00013 4.84742
0.5000 0.5000 0.1500 216.00013 5.58336
0.5000 0.5000 0.1500 224.00014 5.99547
0.5000 0.5000 0.1500 232.00014 6.9804
0.5000 0.5000 0.1500 240.00015 8.69668
0.5000 0.5000 0.1500 248.00015 9.56984
0.5000 0.5000 0.1500 256.00016 9.49112
0.5000 0.5000 0.1500 264.00016 8.73786
0.5000 0.5000 0.1500 272.00017 7.94834
0.5000 0.5000 0.1500 280.00017 7.00903
0.5000 0.5000 0.1500 288.00017 6.32813
0.5000 0.5000 0.1500 296.00018 5.43449
0.5000 0.5000 0.1500 304.00018 4.52471
0.5000 0.5000 0.1500 312.00019 3.96874
0.5000 0.5000 0.1500 320.00019 3.71631
0.5000 0.5000 0.1500 328.00020 3.67847
0.5000 0.5000 0.1500 336.00020 4.14539
0.5000 0.5000 0.1500 344.00021 4.26334
0.5000 0.5000 0.1500 352.00021 3.85584
0.5000 0.5000 0.1500 360.00022 3.39517
0.5000 0.5000 0.1500 368.00022 3.07144
0.5000 0.5000 0.1500 376.00023 3.00426
0.5000 0.5000 0.1500 384.00023 2.86147
0.5000 0.5000 0.1500 392.00024 2.51535
0.5000 0.5000 0.1500 400.00024 2.37395
0.5000 0.5000 0.1500 408.00025 2.26662
0.5000 0.5000 0.1500 416.00025 2.03508
0.5000 0.5000 0.1500 424.00026 1.98541
0.5000 0.5000 0.1500 432.00026 1.95454
0.5000 0.5000 0.1500 440.00027 1.68423
0.5000 0.5000 0.1500 448.00027 1.48367
0.5000 0.5000 0.1500 456.00028 1.40519
0.5000 0.5000 0.1500 464.00028 1.35322
0.5000 0.5000 0.1500 472.00029 1.22967
0.5000 0.5000 0.1500 480.00029 1.10043
0.5000 0.5000 0.1500 488.00030 1.02291
0.5000 0.5000 0.1500 496.00030 0.999215
0.5000 0.5000 0.1500 504.00031 0.974263
0.5000 0.5000 0.1500 512.00031 0.982985
0.5000 0.5000 0.1500 520.00032 1.02462
0.5000 0.5000 0.1500 528.00032 0.994518
0.5000 0.5000 0.1500 536.00033 0.950462
0.5000 0.5000 0.1500 544.00033 0.96663
0.5000 0.5000 0.1500 552.00034 0.995732
0.5000 0.5000 0.1500 560.00034 0.96927
0.5000 0.5000 0.1500 568.00035 0.891376
0.5000 0.5000 0.1500 576.00035 0.844111
0.5000 0.5000 0.1500 584.00035 0.806708
0.5000 0.5000 0.1500 592.00036 0.752983
0.5000 0.5000 0.1500 600.00036 0.680399
0.5000 0.5000 0.1500 608.00037 0.656564
0.5000 0.5000 0.1500 616.00037 0.671662
0.5000 0.5000 0.1500 624.00038 0.699815
0.5000 0.5000 0.1500 632.00038 0.699992
0.5000 0.5000 0.1500 640.00039 0.65307
0.5000 0.5000 0.1500 648.00039 0.583022
0.5000 0.5000 0.1500 656.00040 0.572316
0.5000 0.5000 0.1500 664.00040 0.561071
0.5000 0.5000 0.1500 672.00041 0.530973
0.5000 0.5000 0.1500 680.00041 0.506271
0.5000 0.5000 0.1500 688.00042 0.509817
0.5000 0.5000 0.1500 696.00042 0.510222
0.5000 0.5000 0.1500 704.00043 0.482193
0.5000 0.5000 0.1500 712.00043 0.455661
0.5000 0.5000 0.1500 720.00044 0.46346
0.5000 0.5000 0.1500 728.00044 0.491233
0.5000 0.5000 0.1500 736.00045 0.452327
0.5000 0.5000 0.1500 744.00045 0.40756
0.5000 0.5000 0.1500 752.00046 0.40194
0.5000 0.5000 0.1500 760.00046 0.402475
0.5000 0.5000 0.1500 768.00047 0.389758
0.5000 0.5000 0.1500 776.00047 0.369044
0.5000 0.5000 0.1500 784.00048 0.349031
0.5000 0.5000 0.1500 792.00048 0.354522
0.5000 0.5000 0.1500 800.00049 0.361205

0.5000 0.5000 0.1250 8.00000 0.0181499
0.5000 0.5000 0.1250 16.00001 0.0289669
0.5000 0.5000 0.1250 24.00001 0.0486904
0.5000 0.5000 0.1250 32.00002 0.0730572
0.5000 0.5000 0.1250 40.00002 0.11356
0.5000 0.5000 0.1250 48.00003 0.137232
0.5000 0.5000 0.1250 56.00003 0.174317
0.5000 0.5000 0.1250 64.00004 0.219361
0.5000 0.5000 0.1250 72.00004 0.233105
0.5000 0.5000 0.1250 80.00005 0.260261
0.5000 0.5000 0.1250 88.00005 0.280215
0.5000 0.5000 0.1250 96.00006 0.325848
0.5000 0.5000 0.1250 104.00006 0.397443
0.5000 0.5000 0.1250 112.00007 0.504247
0.5000 0.5000 0.1250 120.00007 0.612303
0.5000 0.5000 0.1250 128.00008 0.71077
0.5000 0.5000 0.1250 136.00008 0.840986
0.5000 0.5000 0.1250 144.00009 0.930712
0.5000 0.5000 0.1250 152.00009 1.00675
0.5000 0.5000 0.1250 160.00010 1.23311
0.5000 0.5000 0.1250 168.00010 1.63421
0.5000 0.5000 0.1250 176.00011 2.26047
0.5000 0.5000 0.1250 184.00011 2.63357
0.5000 0.5000 0.1250 192.00012 3.12987
0.5000 0.5000 0.1250 200.00012 3.60426
0.5000 0.5000 0.1250 208.00013 4.47581
0.5000 0.5000 0.1250 216.00013 5.82231
0.5000 0.5000 0.1250 224.00014 7.69727
0.5000 0.5000 0.1250 232.00014 7.06868
0.5000 0.5000 0.1250 240.00015 5.84638
0.5000 0.5000 0.1250 248.00015 5.2958
0.5000 0.5000 0.1250 256.00016 5.35832
0.5000 0.5000 0.1250 264.00016 5.81569
0.5000 0.5000 0.1250 272.00017 6.5215
0.5000 0.5000 0.1250 280.00017 7.42027
0.5000 0.5000 0.1250 288.00017 8.21478
0.5000 0.5000 0.1250 296.00018 9.58571
0.5000 0.5000 0.1250 304.00018 9.33255
0.5000 0.5000 0.1250 312.00019 8.16238
0.5000 0.5000 0.1250 320.00019 6.77949
0.5000 0.5000 0.1250 328.00020 5.96116
0.5000 0.5000 0.1250 336.00020 5.23893
0.5000 0.5000 0.1250 344.00021 4.3371
0.5000 0.5000 0.1250 352.00021 3.52114
0.5000 0.5000 0.1250 360.00022 3.1279
0.5000 0.5000 0.1250 368.00022 3.13017
0.5000 0.5000 0.1250 376.00023 3.50446
0.5000 0.5000 0.1250 384.00023 3.52783
0.5000 0.5000 0.1250 392.00024 2.76987
0.5000 0.5000 0.1250 400.00024 2.06003
0.5000 0.5000 0.1250 408.00025 1.7903
0.5000 0.5000 0.1250 416.00025 1.67355
0.5000 0.5000 0.1250 424.00026 1.68141
0.5000 0.5000 0.1250 432.00026 1.60087
0.5000 0.5000 0.1250 440.00027 1.33612
0.5000 0.5000 0.1250 448.00027 1.16521
0.5000 0.5000 0.1250 456.00028 1.15199
0.5000 0.5000 0.1250 464.00028 1.17629
0.5000 0.5000 0.1250 472.00029 1.08147
0.5000 0.5000 0.1250 480.00029 1.01279
0.5000 0.5000 0.1250 488.00030 0.948665
0.5000 0.5000 0.1250 496.00030 0.898416
0.5000 0.5000 0.1250 504.00031 0.895724
0.5000 0.5000 0.1250 512.00031 0.858985
0.5000 0.5000 0.1250 520.00032 0.850754
0.5000 0.5000 0.1250 528.00032 0.80136
0.5000 0.5000 0.1250 536.00033 0.720268
0.5000 0.5000 0.1250 544.00033 0.651579
0.5000 0.5000 0.1250 552.00034 0.618705
0.5000 0.5000 0.1250 560.00034 0.636402
0.5000 0.5000 0.1250 568.00035 0.637591
0.5000 0.5000 0.1250 576.00035 0.638182
0.5000 0.5000 0.1250 584.00035 0.65684
0.5000 0.5000 0.1250 592.00036 0.663944
0.5000 0.5000 0.1250 600.00036 0.672501
0.5000 0.5000 0.1250 608.00037 0.676231
0.5000 0.5000 0.1250 616.00037 0.647188
0.5000 0.5000 0.1250 624.00038 0.615737
0.5000 0.5000 0.1250 632.00038 0.588746
0.5000 0.5000 0.1250 640.00039 0.551415
0.5000 0.5000 0.1250 648.00039 0.541606
0.5000 0.5000 0.1250 656.00040 0.573169
0.5000 0.5000 0.1250 664.00040 0.61315
0.5000 0.5000 0.1250 672.00041 0.599167
0.5000 0.5000 0.1250 680.00041 0.562436
0.5000 0.5000 0.1250 688.00042 0.539607
0.5000 0.5000 0.1250 696.00042 0.510625
0.5000 0.5000 0.1250 704.00043 0.492433
0.5000 0.5000 0.1250 712.00043 0.505163
0.5000 0.5000 0.1250 720.00044 0.497532
0.5000 0.5000 0.1250 728.00044 0.493079
0.5000 0.5000 0.1250 736.00045 0.484566
0.5000 0.5000 0.1250 744.00045 0.492554
0.5000 0.5000 0.1250 752.00046 0.448277
0.5000 0.5000 0.1250 760.00046 0.403441
0.5000 0.5000 0.1250 768.00047 0.381595
0.5000 0.5000 0.1250 776.00047 0.373398
0.5000 0.5000 0.1250 784.00048 0.375731
0.5000 0.5000 0.1250 792.00048 0.377767
0.5000 0.5000 0.1250 800.00049 0.367748

0.5000 0.5000 0.1000 8.00000 0.0139648
0.5000 0.5000 0.1000 16.00001 0.0250738
0.5000 0.5000 0.1000 24.00001 0.0318053
0.5000 0.5000 0.1000 32.00002 0.0628533
0.5000 0.5000 0.1000 40.00002 0.115413
0.5000 0.5000 0.1000 48.00003 0.128536
0.5000 0.5000 0.1000 56.00003 0.169125
0.5000 0.5000 0.1000 64.00004 0.192473
0.5000 0.5000 0.1000 72.00004 0.180612
0.5000 0.5000 0.1000 80.00005 0.236252
0.5000 0.5000 0.1000 88.00005 0.33392
0.5000 0.5000 0.1000 96.00006 0.417299
0.5000 0.5000 0.1000 104.00006 0.531713
0.5000 0.5000 0.1000 112.00007 0.641702
0.5000 0.5000 0.1000 120.00007 0.741002
0.5000 0.5000 0.1000 128.00008 0.842678
0.5000 0.5000 0.1000 136.00008 1.0324
0.5000 0.5000 0.1000 144.00009 1.41848
0.5000 0.5000 0.1000 152.00009 1.6019
0.5000 0.5000 0.1000 160.00010 1.80055
0.5000 0.5000 0.1000 168.00010 1.92197
0.5000 0.5000 0.1000 176.00011 1.92523
0.5000 0.5000 0.1000 184.00011 2.27756
0.5000 0.5000 0.1000 192.00012 2.33433
0.5000 0.5000 0.1000 200.00012 2.24532
0.5000 0.5000 0.1000 208.00013 2.65386
0.5000 0.5000 0.1000 216.00013 3.05844
0.5000 0.5000 0.1000 224.00014 3.36801
0.5000 0.5000 0.1000 232.00014 3.8791
0.5000 0.5000 0.1000 240.00015 4.9696
0.5000 0.5000 0.1000 248.00015 6.39728
0.5000 0.5000 0.1000 256.00016 7.2561
0.5000 0.5000 0.1000 264.00016 8.05571
0.5000 0.5000 0.1000 272.00017 9.20968
0.5000 0.5000 0.1000 280.00017 10.2549
0.5000 0.5000 0.1000 288.00017 11.8212
0.5000 0.5000 0.1000 296.00018 11.4423
0.5000 0.5000 0.1000 304.00018 9.8093
0.5000 0.5000 0.1000 312.00019 7.7317
0.5000 0.5000 0.1000 320.00019 6.20983
0.5000 0.5000 0.1000 328.00020 5.5182
0.5000 0.5000 0.1000 336.00020 5.79492
0.5000 0.5000 0.1000 344.00021 5.90497
0.5000 0.5000 0.1000 352.00021 4.97402
0.5000 0.5000 0.1000 360.00022 3.99034
0.5000 0.5000 0.1000 368.00022 3.42051
0.5000 0.5000 0.1000 376.00023 3.05994
0.5000 0.5000 0.1000 384.00023 2.58339
0.5000 0.5000 0.1000 392.00024 2.28487
0.5000 0.5000 0.1000 400.00024 2.05137
0.5000 0.5000 0.1000 408.00025 1.91664
0.5000 0.5000 0.1000 416.00025 1.72225
0.5000 0.5000 0.1000 424.00026 1.49433
0.5000 0.5000 0.1000 432.00026 1.4001
0.5000 0.5000 0.1000 440.00027 1.3541
0.5000 0.5000 0.1000 448.00027 1.18419
0.5000 0.5000 0.1000 456.00028 1.01122
0.5000 0.5000 0.1000 464.00028 0.939613
0.5000 0.5000 0.1000 472.00029 0.961192
0.5000 0.5000 0.1000 480.00029 0.921444
0.5000 0.5000 0.1000 488.00030 0.829071
0.5000 0.5000 0.1000 496.00030 0.810557
0.5000 0.5000 0.1000 504.00031 0.812702
0.5000 0.5000 0.1000 512.00031 0.843695
0.5000 0.5000 0.1000 520.00032 0.925251
0.5000 0.5000 0.1000 528.00032 0.9663
0.5000 0.5000 0.1000 536.00033 0.904786
0.5000 0.5000 0.1000 544.00033 0.821762
0.5000 0.5000 0.1000 552.00034 0.820378
0.5000 0.5000 0.1000 560.00034 0.810822
0.5000 0.5000 0.1000 568.00035 0.8069
0.5000 0.5000 0.1000 576.00035 0.801357
0.5000 0.5000 0.1000 584.00035 0.724182
0.5000 0.5000 0.1000 592.00036 0.634852
0.5000 0.5000 0.1000 600.00036 0.587018
0.5000 0.5000 0.1000 608.00037 0.549298
0.5000 0.5000 0.1000 616.00037 0.522546
0.5000 0.5000 0.1000 624.00038 0.510886
0.5000 0.5000 0.1000 632.00038 0.499486
0.5000 0.5000 0.1000 640.00039 0.483218
0.5000 0.5000 0.1000 648.00039 0.467479
0.5000 0.5000 0.1000 656.00040 0.481367
0.5000 0.5000 0.1000 664.00040 0.47132
0.5000 0.5000 0.1000 672.00041 0.442993
0.5000 0.5000 0.1000 680.00041 0.405524
0.5000 0.5000 0.1000 688.00042 0.414211
0.5000 0.5000 0.1000 696.00042 0.432847
0.5000 0.5000 0.1000 704.00043 0.45217
0.5000 0.5000 0.1000 712.00043 0.475119
0.5000 0.5000 0.1000 720.00044 0.499675
0.5000 0.5000 0.1000 728.00044 0.501633
0.5000 0.5000 0.1000 736.00045 0.423673
0.5000 0.5000 0.1000 744.00045 0.374065
0.5000 0.5000 0.1000 752.00046 0.349595
0.5000 0.5000 0.1000 760.00046 0.330143
0.5000 0.5000 0.1000 768.00047 0.329453
0.5000 0.5000 0.1000 776.00047 0.332337
0.5000 0.5000 0.1000 784.00048 0.330302
0.5000 0.5000 0.1000 792.00048 0.32435
0.5000 0.5000 0.1000 800.00049 0.328697

0.5000 0.5000 0.0750 8.00000 0.0139481
0.5000 0.5000 0.0750 16.00001 0.025512
0.5000 0.5000 0.0750 24.00001 0.0627876
0.5000 0.5000 0.0750 32.00002 0.0728556
0.5000 0.5000 0.0750 40.00002 0.168106
0.5000 0.5000 0.0750 48.00003 0.19658
0.5000 0.5000 0.0750 56.00003 0.208417
0.5000 0.5000 0.0750 64.00004 0.245263
0.5000 0.5000 0.0750 72.00004 0.269842
0.5000 0.5000 0.0750 80.00005 0.353491
0.5000 0.5000 0.0750 88.00005 0.401238
0.5000 0.5000 0.0750 96.00006 0.523172
0.5000 0.5000 0.0750 104.00006 0.655376
0.5000 0.5000 0.0750 112.00007 0.724248
0.5000 0.5000 0.0750 120.00007 0.765194
0.5000 0.5000 0.0750 128.00008 0.860698
0.5000 0.5000 0.0750 136.00008 0.982773
0.5000 0.5000 0.0750 144.00009 0.989259
0.5000 0.5000 0.0750 152.00009 0.84918
0.5000 0.5000 0.0750 160.00010 0.82965
0.5000 0.5000 0.0750 168.00010 1.04317
0.5000 0.5000 0.0750 176.00011 1.34443
0.5000 0.5000 0.0750 184.00011 1.39401
0.5000 0.5000 0.0750 192.00012 1.60169
0.5000 0.5000 0.0750 200.00012 1.84971
0.5000 0.5000 0.0750 208.00013 2.28372
0.5000 0.5000 0.0750 216.00013 2.92177
0.5000 0.5000 0.0750 224.00014 3.68593
0.5000 0.5000 0.0750 232.00014 4.95788
0.5000 0.5000 0.0750 240.00015 5.56455
0.5000 0.5000 0.0750 248.00015 5.48875
0.5000 0.5000 0.0750 256.00016 6.33815
0.5000 0.5000 0.0750 264.00016 8.6963
0.5000 0.5000 0.0750 272.00017 10.3894
0.5000 0.5000 0.0750 280.00017 11.4738
0.5000 0.5000 0.0750 288.00017 11.9439
0.5000 0.5000 0.0750 296.00018 11.1746
0.5000 0.5000 0.0750 304.00018 10.0894
0.5000 0.5000 0.0750 312.00019 9.49741
0.5000 0.5000 0.0750 320.00019 8.45128
0.5000 0.5000 0.0750 328.00020 6.86865
0.5000 0.5000 0.0750 336.00020 5.81725
0.5000 0.5000 0.0750 344.00021 4.82594
0.5000 0.5000 0.0750 352.00021 3.88484
0.5000 0.5000 0.0750 360.00022 3.33695
0.5000 0.5000 0.0750 368.00022 2.84154
0.5000 0.5000 0.0750 376.00023 2.58116
0.5000 0.5000 0.0750 384.00023 2.47476
0.5000 0.5000 0.0750 392.00024 2.50653
0.5000 0.5000 0.0750 400.00024 2.56745
0.5000 0.5000 0.0750 408.00025 2.56641
0.5000 0.5000 0.0750 416.00025 2.3279
0.5000 0.5000 0.0750 424.00026 2.10005
0.5000 0.5000 0.0750 432.00026 1.80039
0.5000 0.5000 0.0750 440.00027 1.60562
0.5000 0.5000 0.0750 448.00027 1.40319
0.5000 0.5000 0.0750 456.00028 1.21995
0.5000 0.5000 0.0750 464.00028 1.17978
0.5000 0.5000 0.0750 472.00029 1.19139
0.5000 0.5000 0.0750 480.00029 1.2431
0.5000 0.5000 0.0750 488.00030 1.10836
0.5000 0.5000 0.0750 496.00030 0.956309
0.5000 0.5000 0.0750 504.00031 0.963991
0.5000 0.5000 0.0750 512.00031 0.956142
0.5000 0.5000 0.0750 520.00032 0.854274
0.5000 0.5000 0.0750 528.00032 0.764092
0.5000 0.5000 0.0750 536.00033 0.649362
0.5000 0.5000 0.0750 544.00033 0.582371
0.5000 0.5000 0.0750 552.00034 0.621463
0.5000 0.5000 0.0750 560.00034 0.63958
0.5000 0.5000 0.0750 568.00035 0.620098
0.5000 0.5000 0.0750 576.00035 0.615577
0.5000 0.5000 0.0750 584.00035 0.620059
0.5000 0.5000 0.0750 592.00036 0.581862
0.5000 0.5000 0.0750 600.00036 0.54777
0.5000 0.5000 0.0750 608.00037 0.538387
0.5000 0.5000 0.0750 616.00037 0.540979
0.5000 0.5000 0.0750 624.00038 0.551665
0.5000 0.5000 0.0750 632.00038 0.573599
0.5000 0.5000 0.0750 640.00039 0.573277
0.5000 0.5000 0.0750 648.00039 0.518434
0.5000 0.5000 0.0750 656.00040 0.49735
0.5000 0.5000 0.0750 664.00040 0.486988
0.5000 0.5000 0.0750 672.00041 0.469367
0.5000 0.5000 0.0750 680.00041 0.445401
0.5000 0.5000 0.0750 688.00042 0.429545
0.5000 0.5000 0.0750 696.00042 0.404241
0.5000 0.5000 0.0750 704.00043 0.362916
0.5000 0.5000 0.0750 712.00043 0.323738
0.5000 0.5000 0.0750 720.00044 0.295407
0.5000 0.5000 0.0750 728.00044 0.2908
0.5000 0.5000 0.0750 736.00045 0.309804
0.5000 0.5000 0.0750 744.00045 0.321334
0.5000 0.5000 0.0750 752.00046 0.313209
0.5000 0.5000 0.0750 760.00046 0.302985
0.5000 0.5000 0.0750 768.00047 0.309624
0.5000 0.5000 0.0750 776.00047 0.336701
0.5000 0.5000 0.0750 784.00048 0.358949
0.5000 0.5000 0.0750 792.00048 0.355738
0.5000 0.5000 0.0750 800.00049 0.331341

0.5000 0.5000 0.0500 8.00000 0.0127864
0.5000 0.5000 0.0500 16.00001 0.049942
0.5000 0.5000 0.0500 24.00001 0.0500838
0.5000 0.5000 0.0500 32.00002 0.143476
0.5000 0.5000 0.0500 40.00002 0.100231
0.5000 0.5000 0.0500 48.00003 0.165563
0.5000 0.5000 0.0500 56.00003 0.262372
0.5000 0.5000 0.0500 64.00004 0.263207
0.5000 0.5000 0.0500 72.00004 0.208732
0.5000 0.5000 0.0500 80.00005 0.249918
0.5000 0.5000 0.0500 88.00005 0.350876
0.5000 0.5000 0.0500 96.00006 0.414604
0.5000 0.5000 0.0500 104.00006 0.422881
0.5000 0.5000 0.0500 112.00007 0.496849
0.5000 0.5000 0.0500 120.00007 0.653948
0.5000 0.5000 0.0500 128.00008 0.750106
0.5000 0.5000 0.0500 136.00008 0.785419
0.5000 0.5000 0.0500 144.00009 0.928232
0.5000 0.5000 0.0500 152.00009 1.05475
0.5000 0.5000 0.0500 160.00010 1.24092
0.5000 0.5000 0.0500 168.00010 1.52586
0.5000 0.5000 0.0500 176.00011 1.52945
0.5000 0.5000 0.0500 184.00011 1.62106
0.5000 0.5000 0.0500 192.00012 1.85682
0.5000 0.5000 0.0500 200.00012 2.11968
0.5000 0.5000 0.0500 208.00013 2.65465
0.5000 0.5000 0.0500 216.00013 2.95695
0.5000 0.5000 0.0500 224.00014 3.09928
0.5000 0.5000 0.0500 232.00014 3.44037
0.5000 0.5000 0.0500 240.00015 4.23364
0.5000 0.5000 0.0500 248.00015 5.14045
0.5000 0.5000 0.0500 256.00016 6.45774
0.5000 0.5000 0.0500 264.00016 8.46078
0.5000 0.5000 0.0500 272.00017 10.6911
0.5000 0.5000 0.0500 280.00017 11.7514
0.5000 0.5000 0.0500 288.00017 11.883
0.5000 0.5000 0.0500 296.00018 12.5513
0.5000 0.5000 0.0500 304.00018 9.82156
0.5000 0.5000 0.0500 312.00019 6.5351
0.5000 0.5000 0.0500 320.00019 5.3495
0.5000 0.5000 0.0500 328.00020 5.54178
0.5000 0.5000 0.0500 336.00020 6.47665
0.5000 0.5000 0.0500 344.00021 6.7169
0.5000 0.5000 0.0500 352.00021 6.02022
0.5000 0.5000 0.0500 360.00022 5.31106
0.5000 0.5000 0.0500 368.00022 4.31167
0.5000 0.5000 0.0500 376.00023 3.99699
0.5000 0.5000 0.0500 384.00023 3.84416
0.5000 0.5000 0.0500 392.00024 3.40363
0.5000 0.5000 0.0500 400.00024 2.79177
0.5000 0.5000 0.0500 408.00025 2.36881
0.5000 0.5000 0.0500 416.00025 2.17438
0.5000 0.5000 0.0500 424.00026 1.87425
0.5000 0.5000 0.0500 432.00026 1.8059
0.5000 0.5000 0.0500 440.00027 1.74329
0.5000 0.5000 0.0500 448.00027 1.48942
0.5000 0.5000 0.0500 456.00028 1.43597
0.5000 0.5000 0.0500 464.00028 1.43943
0.5000 0.5000 0.0500 472.00029 1.11878
0.5000 0.5000 0.0500 480.00029 0.89292
0.5000 0.5000 0.0500 488.00030 0.797899
0.5000 0.5000 0.0500 496.00030 0.739583
0.5000 0.5000 0.0500 504.00031 0.735193
0.5000 0.5000 0.0500 512.00031 0.729089
0.5000 0.5000 0.0500 520.00032 0.719111
0.5000 0.5000 0.0500 528.00032 0.73237
0.5000 0.5000 0.0500 536.00033 0.776095
0.5000 0.5000 0.0500 544.00033 0.830689
0.5000 0.5000 0.0500 552.00034 0.860609
0.5000 0.5000 0.0500 560.00034 0.783088
0.5000 0.5000 0.0500 568.00035 0.683339
0.5000 0.5000 0.0500 576.00035 0.586763
0.5000 0.5000 0.0500 584.00035 0.535563
0.5000 0.5000 0.0500 592.00036 0.531098
0.5000 0.5000 0.0500 600.00036 0.541387
0.5000 0.5000 0.0500 608.00037 0.517189
0.5000 0.5000 0.0500 616.00037 0.506298
0.5000 0.5000 0.0500 624.00038 0.473864
0.5000 0.5000 0.0500 632.00038 0.454664
0.5000 0.5000 0.0500 640.00039 0.423107
0.5000 0.5000 0.0500 648.00039 0.444932
0.5000 0.5000 0.0500 656.00040 0.445678
0.5000 0.5000 0.0500 664.00040 0.42746
0.5000 0.5000 0.0500 672.00041 0.388175
0.5000 0.5000 0.0500 680.00041 0.351967
0.5000 0.5000 0.0500 688.00042 0.345694
0.5000 0.5000 0.0500 696.00042 0.352133
0.5000 0.5000 0.0500 704.00043 0.357878
0.5000 0.5000 0.0500 712.00043 0.362777
0.5000 0.5000 0.0500 720.00044 0.36408
0.5000 0.5000 0.0500 728.00044 0.360036
0.5000 0.5000 0.0500 736.00045 0.34199
0.5000 0.5000 0.0500 744.00045 0.325513
0.5000 0.5000 0.0500 752.00046 0.326111
0.5000 0.5000 0.0500 760.00046 0.331024
0.5000 0.5000 0.0500 768.00047 0.334312
0.5000 0.5000 0.0500 776.00047 0.315999
0.5000 0.5000 0.0500 784.00048 0.295615
0.5000 0.5000 0.0500 792.00048 0.293569
0.5000 0.5000 0.0500 800.00049 0.302147

0.5000 0.5000 0.0250 8.00000 0.016754
0.5000 0.5000 0.0250 16.00001 0.0352513
0.5000 0.5000 0.0250 24.00001 0.0562673
0.5000 0.5000 0.0250 32.00002 0.0756609
0.5000 0.5000 0.0250 40.00002 0.135183
0.5000 0.5000 0.0250 48.00003 0.169122
0.5000 0.5000 0.0250 56.00003 0.178073
0.5000 0.5000 0.0250 64.00004 0.192736
0.5000 0.5000 0.0250 72.00004 0.23962
0.5000 0.5000 0.0250 80.00005 0.334876
0.5000 0.5000 0.0250 88.00005 0.399372
0.5000 0.5000 0.0250 96.00006 0.518849
0.5000 0.5000 0.0250 104.00006 0.595192
0.5000 0.5000 0.0250 112.00007 0.617178
0.5000 0.5000 0.0250 120.00007 0.621153
0.5000 0.5000 0.0250 128.00008 0.693514
0.5000 0.5000 0.0250 136.00008 0.824159
0.5000 0.5000 0.0250 144.00009 0.865478
0.5000 0.5000 0.0250 152.00009 0.793838
0.5000 0.5000 0.0250 160.00010 0.781948
0.5000 0.5000 0.0250 168.00010 0.868471
0.5000 0.5000 0.0250 176.00011 1.05258
0.5000 0.5000 0.0250 184.00011 1.31129
0.5000 0.5000 0.0250 192.00012 1.78683
0.5000 0.5000 0.0250 200.00012 2.2357
0.5000 0.5000 0.0250 208.00013 2.57464
0.5000 0.5000 0.0250 216.00013 3.00631
0.5000 0.5000 0.0250 224.00014 3.7816
0.5000 0.5000 0.0250 232.00014 4.62803
0.5000 0.5000 0.0250 240.00015 5.41953
0.5000 0.5000 0.0250 248.00015 6.30168
0.5000 0.5000 0.0250 256.00016 7.23338
0.5000 0.5000 0.0250 264.00016 8.48563
0.5000 0.5000 0.0250 272.00017 8.47279
0.5000 0.5000 0.0250 280.00017 6.93454
0.5000 0.5000 0.0250 288.00017 7.01037
0.5000 0.5000 0.0250 296.00018 8.49444
0.5000 0.5000 0.0250 304.00018 10.7189
0.5000 0.5000 0.0250 312.00019 11.0722
0.5000 0.5000 0.0250 320.00019 11.0898
0.5000 0.5000 0.0250 328.00020 9.63897
0.5000 0.5000 0.0250 336.00020 7.28683
0.5000 0.5000 0.0250 344.00021 6.19453
0.5000 0.5000 0.0250 352.00021 5.24895
0.5000 0.5000 0.0250 360.00022 4.75511
0.5000 0.5000 0.0250 368.00022 4.06067
0.5000 0.5000 0.0250 376.00023 3.32293
0.5000 0.5000 0.0250 384.00023 2.83131
0.5000 0.5000 0.0250 392.00024 2.77324
0.5000 0.5000 0.0250 400.00024 2.90089
0.5000 0.5000 0.0250 408.00025 2.68488
0.5000 0.5000 0.0250 416.00025 2.62963
0.5000 0.5000 0.0250 424.00026 2.47819
0.5000 0.5000 0.0250 432.00026 2.16373
0.5000 0.5000 0.0250 440.00027 1.94196
0.5000 0.5000 0.0250 448.00027 1.83534
0.5000 0.5000 0.0250 456.00028 1.57571
0.5000 0.5000 0.0250 464.00028 1.35629
0.5000 0.5000 0.0250 472.00029 1.24318
0.5000 0.5000 0.0250 480.00029 1.32088
0.5000 0.5000 0.0250 488.00030 1.20983
0.5000 0.5000 0.0250 496.00030 0.980101
0.5000 0.5000 0.0250 504.00031 0.833265
0.5000 0.5000 0.0250 512.00031 0.72062
0.5000 0.5000 0.0250 520.00032 0.691313
0.5000 0.5000 0.0250 528.00032 0.687211
0.5000 0.5000 0.0250 536.00033 0.671999
0.5000 0.5000 0.0250 544.00033 0.652545
0.5000 0.5000 0.0250 552.00034 0.651068
0.5000 0.5000 0.0250 560.00034 0.616847
0.5000 0.5000 0.0250 568.00035 0.578438
0.5000 0.5000 0.0250 576.00035 0.534885
0.5000 0.5000 0.0250 584.00035 0.498707
0.5000 0.5000 0.0250 592.00036 0.458509
0.5000 0.5000 0.0250 600.00036 0.418687
0.5000 0.5000 0.0250 608.00037 0.418373
0.5000 0.5000 0.0250 616.00037 0.421044
0.5000 0.5000 0.0250 624.00038 0.379094
0.5000 0.5000 0.0250 632.00038 0.369061
0.5000 0.5000 0.0250 640.00039 0.382395
0.5000 0.5000 0.0250 648.00039 0.413441
0.5000 0.5000 0.0250 656.00040 0.447056
0.5000 0.5000 0.0250 664.00040 0.461285
0.5000 0.5000 0.0250 672.00041 0.441271
0.5000 0.5000 0.0250 680.00041 0.415506
0.5000 0.5000 0.0250 688.00042 0.388471
0.5000 0.5000 0.0250 696.00042 0.366259
0.5000 0.5000 0.0250 704.00043 0.35233
0.5000 0.5000 0.0250 712.00043 0.353468
0.5000 0.5000 0.0250 720.00044 0.355561
0.5000 0.5000 0.0250 728.00044 0.359273
0.5000 0.5000 0.0250 736.00045 0.347852
0.5000 0.5000 0.0250 744.00045 0.343645
0.5000 0.5000 0.0250 752.00046 0.349404
0.5000 0.5000 0.0250 760.00046 0.335348
0.5000 0.5000 0.0250 768.00047 0.305746
0.5000 0.5000 0.0250 776.00047 0.282004
0.5000 0.5000 0.0250 784.00048 0.26909
0.5000 0.5000 0.0250 792.00048 0.268641
0.5000 0.5000 0.0250 800.00049 0.267396

0.5000 0.5000 0.0000 8.00000 0.0093751
0.5000 0.5000 0.0000 16.00001 0.0229485
0.5000 0.5000 0.0000 24.00001 0.0466569
0.5000 0.5000 0.0000 32.00002 0.138542
0.5000 0.5000 0.0000 40.00002 0.0950565
0.5000 0.5000 0.0000 48.00003 0.171145
0.5000 0.5000 0.0000 56.00003 0.283325
0.5000 0.5000 0.0000 64.00004 0.309962
0.5000 0.5000 0.0000 72.00004 0.240644
0.5000 0.5000 0.0000 80.00005 0.255445
0.5000 0.5000 0.0000 88.00005 0.279587
0.5000 0.5000 0.0000 96.00006 0.355224
0.5000 0.5000 0.0000 104.00006 0.451423
0.5000 0.5000 0.0000 112.00007 0.444942
0.5000 0.5000 0.0000 120.00007 0.435729
0.5000 0.5000 0.0000 128.00008 0.477312
0.5000 0.5000 0.0000 136.00008 0.581434
0.5000 0.5000 0.0000 144.00009 0.736002
0.5000 0.5000 0.0000 152.00009 0.96314
0.5000 0.5000 0.0000 160.00010 1.30816
0.5000 0.5000 0.0000 168.00010 1.47477
0.5000 0.5000 0.0000 176.00011 1.9171
0.5000 0.5000 0.0000 184.00011 2.36682
0.5000 0.5000 0.0000 192.00012 2.25867
0.5000 0.5000 0.0000 200.00012 2.11774
0.5000 0.5000 0.0000 208.00013 2.50699
0.5000 0.5000 0.0000 216.00013 3.26242
0.5000 0.5000 0.0000 224.00014 3.50206
0.5000 0.5000 0.0000 232.00014 3.58725
0.5000 0.5000 0.0000 240.00015 4.41546
0.5000 0.5000 0.0000 248.00015 6.04319
0.5000 0.5000 0.0000 256.00016 6.3869
0.5000 0.5000 0.0000 264.00016 5.36518
0.5000 0.5000 0.0000 272.00017 5.72037
0.5000 0.5000 0.0000 280.00017 7.57606
0.5000 0.5000 0.0000 288.00017 10.1822
0.5000 0.5000 0.0000 296.00018 12.0399
0.5000 0.5000 0.0000 304.00018 10.7258
0.5000 0.5000 0.0000 312.00019 8.91997
0.5000 0.5000 0.0000 320.00019 9.14482
0.5000 0.5000 0.0000 328.00020 8.78499
0.5000 0.5000 0.0000 336.00020 8.87162
0.5000 0.5000 0.0000 344.00021 7.83285
0.5000 0.5000 0.0000 352.00021 6.27789
0.5000 0.5000 0.0000 360.00022 6.30438
0.5000 0.5000 0.0000 368.00022 5.53308
0.5000 0.5000 0.0000 376.00023 3.84633
0.5000 0.5000 0.0000 384.00023 2.91319
0.5000 0.5000 0.0000 392.00024 2.29297
0.5000 0.5000 0.0000 400.00024 2.04401
0.5000 0.5000 0.0000 408.00025 1.92646
0.5000 0.5000 0.0000 416.00025 1.93147
0.5000 0.5000 0.0000 424.00026 1.8777
0.5000 0.5000 0.0000 432.00026 2.13045
0.5000 0.5000 0.0000 440.00027 2.19386
0.5000 0.5000 0.0000 448.00027 1.84279
0.5000 0.5000 0.0000 456.00028 1.49228
0.5000 0.5000 0.0000 464.00028 1.38184
0.5000 0.5000 0.0000 472.00029 1.30371
0.5000 0.5000 0.0000 480.00029 1.08042
0.5000 0.5000 0.0000 488.00030 0.906051
0.5000 0.5000 0.0000 496.00030 0.899835
0.5000 0.5000 0.0000 504.00031 0.924964
0.5000 0.5000 0.0000 512.00031 0.889162
0.5000 0.5000 0.0000 520.00032 0.89933
0.5000 0.5000 0.0000 528.00032 0.85539
0.5000 0.5000 0.0000 536.00033 0.728516
0.5000 0.5000 0.0000 544.00033 0.67872
0.5000 0.5000 0.0000 552.00034 0.64325
0.5000 0.5000 0.0000 560.00034 0.628364
0.5000 0.5000 0.0000 568.00035 0.581202
0.5000 0.5000 0.0000 576.00035 0.540535
0.5000 0.5000 0.0000 584.00035 0.521294
0.5000 0.5000 0.0000 592.00036 0.508642
0.5000 0.5000 0.0000 600.00036 0.530643
0.5000 0.5000 0.0000 608.00037 0.472729
0.5000 0.5000 0.0000 616.00037 0.404958
0.5000 0.5000 0.0000 624.00038 0.411861
0.5000 0.5000 0.0000 632.00038 0.437805
0.5000 0.5000 0.0000 640.00039 0.455699
0.5000 0.5000 0.0000 648.00039 0.464431
0.5000 0.5000 0.0000 656.00040 0.425126
0.5000 0.5000 0.0000 664.00040 0.386249
0.5000 0.5000 0.0000 672.00041 0.382256
0.5000 0.5000 0.0000 680.00041 0.325577
0.5000 0.5000 0.0000 688.00042 0.28733
0.5000 0.5000 0.0000 696.00042 0.29257
0.5000 0.5000 0.0000 704.00043 0.300567
0.5000 0.5000 0.0000 712.00043 0.309719
0.5000 0.5000 0.0000 720.00044 0.327106
0.5000 0.5000 0.0000 728.00044 0.345973
0.5000 0.5000 0.0000 736.00045 0.33423
0.5000 0.5000 0.0000 744.00045 0.318363
0.5000 0.5000 0.0000 752.00046 0.314014
0.5000 0.5000 0.0000 760.00046 0.313375
0.5000 0.5000 0.0000 768.00047 0.30253
0.5000 0.5000 0.0000 776.00047 0.27604
0.5000 0.5000 0.0000 784.00048 0.263252
0.5000 0.5000 0.0000 792.00048 0.286622
0.5000 0.5000 0.0000 800.00049 0.319526
