6 cuts 2.844guess:    
    0.9896   -0.0079    0.0121
    0.0077    0.9896    0.0148
   -0.0122   -0.0147    0.9895
7 cuts 2.844guess:   
   0.9879   -0.0048    0.0012
    0.0048    0.9878    0.0129
   -0.0012   -0.0129    0.9878   
12 cuts 2.844guess:
   0.9836    0.0011    0.0047
  -0.0012    0.9836    0.0064
  -0.0047   -0.0064    0.9836   
12 cuts 2.844guess -- alatt 2.8258
  0.9846    0.0011    0.0027
  -0.0011    0.9846    0.0083
  -0.0027   -0.0083    0.9845
  
12 cuts guess alatt: 2.87:  alatt 2.8284
    0.9855    0.0005    0.0016
   -0.0005    0.9855    0.0096
   -0.0016   -0.0096    0.9855

12 cuts guess alatt:  2.87,  guess D2=220,  alatt 2.8449
    0.9913   -0.0029   -0.0009
    0.0029    0.9912    0.0139
    0.0009   -0.0139    0.9912
12 cuts guess alatt:  2.83,  guess D2=200,  alatt 2.8608    
    0.9968   -0.0052   -0.0058
    0.0053    0.9966    0.0194
    0.0057   -0.0194    0.9966    
12 cuts guess alatt:  2.83,  guess D2=205, MagFF,  alatt 2.8432        
    0.9906   -0.0047    0.0041
    0.0047    0.9906    0.0109
   -0.0041   -0.0109    0.9906    
12 cuts guess alatt:  2.84,  guess D2=196, MagFF,  alatt 2.842
    0.9904   -0.0047    0.0043
    0.0046    0.9904    0.0105
   -0.0043   -0.0105    0.9904   